0	2.3	2.7
1	2.3	2.6
2	2.2	2.6
3	2.1	2.6
4	2	2.6
5	1.9	2.6
6	1.8	2.6
7	1.7	2.6
8	1.7	2.5
9	1.6	2.5
10	1.5	2.5
11	1.5	2.4
12	1.4	2.4
13	1.3	2.4
14	1.3	2.3
15	1.2	2.3
16	1.1	2.2
17	1	2.2
18	0.9	2.2
19	0.8	2.2
20	0.7	2.1
21	0.6	2.1
22	0.5	2.1
23	0.4	2.1
24	0.4	2
25	0.3	2
26	0.2	2
27	2.7	2.6
28	2.8	2.6
29	0.1	2
30	0	1.9
31	-0.1	1.9
32	-0.3	1.8
33	-0.4	1.8
34	-0.5	1.8
35	-0.6	1.8
36	-4.7	5.5
37	-4.7	5.6
38	-4.7	5.7
39	-4.7	5.8
40	-4.6	5.8
41	-4.5	5.8
42	-4.5	5.9
43	-4.4	5.9
44	-4.4	6
45	-4.4	6.1
46	-4.4	6.2
47	-4.4	6.3
48	-4.5	6.4
49	-4.5	6.5
50	-4.8	8
51	-4.8	7.8
52	-4.8	7.7
53	-4.8	7.6
54	-4.8	7.5
55	-4.7	7.3
56	-4.7	7.2
57	-4.7	7
58	-4.7	6.9
59	-4.6	6.8
60	-4.6	6.7
61	-4.6	6.6
62	-4.6	6.5
63	-4.7	5.4
64	-4.8	5.4
65	-5.4	5.4
66	-5.3	5.4
67	-5.2	5.4
68	-5.1	5.4
69	-5	5.4
70	-4.9	5.4
71	-0.6	2.3
72	-0.7	2.3
73	-0.7	2.4
74	-0.8	2.4
75	-0.9	2.4
76	-2.4	0.3
77	-2.4	0.4
78	-2.3	0.5
79	-2.3	0.6
80	-2.4	0.8
81	-2.4	0.9
82	-2.4	1
83	-2.4	1.1
84	-2.3	1.2
85	-2.3	1.3
86	-2.3	1.4
87	-2.3	1.5
88	-2.3	1.6
89	-2.3	1.7
90	-2.3	1.8
91	-2.2	1.9
92	-2.2	2
93	-2.2	2.1
94	-2.1	2.1
95	-2.2	2.2
96	-2.2	2.3
97	-2.2	2.5
98	-2.3	2.5
99	-2.3	2.6
100	-2.2	2.7
101	-2.2	2.8
102	-2.4	0.2
103	-2.4	0.1
104	-2.4	0
105	-2.4	-0.1
106	-2.4	-0.2
107	-2.4	-0.3
108	-2.4	-0.4
109	-2.5	-0.4
110	-2.6	-0.5
111	-2.6	-0.6
112	-2.7	-0.6
113	-2.7	-0.7
114	-2.7	-0.8
115	-2.8	-0.8
116	-2.9	-0.9
117	-2.9	-1
118	-3	-1
119	-3	-1.1
120	-3	-1.2
121	-3	-1.3
122	-3.1	-1.4
123	-3.1	-1.5
124	-3.2	-1.5
125	-3.2	-1.6
126	-3.3	-1.7
127	-3.4	-1.8
128	-3.5	-1.8
129	-3.5	-1.9
130	-3.5	-2
131	-3.6	-2
132	-3.6	-2.1
133	-3.5	-2.1
134	-3.5	-2.2
135	-3.5	-2.3
136	-3.5	-2.4
137	-3.5	-2.5
138	-3.5	-2.6
139	-3.5	-2.7
140	-3.5	-2.8
141	-3.5	-2.9
142	-3.5	-3
143	-3.5	-3.1
144	-3.5	-3.3
145	-3.5	-3.4
146	-3.5	-3.5
147	-3.5	-3.6
148	-3.6	-3.8
149	-3.5	-3.7
150	-3.6	-3.7
151	-3.6	-3.9
152	-3.6	-4
153	-3.7	-4
154	-3.7	-4.1
155	-3.8	-4.2
156	-3.8	-4.3
157	-3.8	-4.4
158	-3.8	-4.5
159	-3.8	-4.6
160	-3.8	-4.7
161	-3.9	-4.7
162	-3.9	-4.8
163	-3.9	-4.9
164	-3.9	-5
165	-4	-5
166	-4	-5.1
167	-4	-5.2
168	-4	-5.3
169	-4	-5.4
170	-4	-5.5
171	-4	-5.6
172	-3.9	-5.7
173	-3.9	-5.8
174	-3.9	-5.9
175	-3.9	-6
176	-3.9	-6.1
177	-3.9	-6.2
178	-3.9	-6.3
179	-3.9	-6.4
180	-3.9	-6.5
181	-3.9	-6.6
182	-3.9	-5.6
183	4.3	-16.5
184	4.3	-16.4
185	4.3	-16.3
186	4.3	-16.2
187	4.2	-16.2
188	4.2	-16.1
189	4.1	-16
190	4.1	-15.9
191	4.1	-15.8
192	4.1	-15.7
193	4.1	-15.6
194	4.1	-15.5
195	4	-15.4
196	4	-15.3
197	4.1	-15.3
198	4.1	-15.2
199	4.1	-15.1
200	4.2	-15
201	4.2	-14.9
202	4.2	-14.8
203	4.2	-14.7
204	4.1	-15
205	4	-15.8
206	4	-15.9
207	4.1	-16.1
208	4.2	-14.6
209	4.3	-14.5
210	4.3	-14.4
211	4.3	-14.3
212	4.3	-14.2
213	4.2	-14.2
214	4.2	-14.1
215	4.3	-14.1
216	4.3	-14
217	4.4	-14
218	4.5	-13.9
219	4.5	-13.8
220	4.6	-13.8
221	4.6	-13.7
222	4.6	-13.6
223	4.6	-13.5
224	4.6	-13.4
225	4.6	-13.3
226	4.7	-13.2
227	4.7	-13.1
228	4.7	-13
229	4.6	-12.8
230	4.6	-12.7
231	4.6	-12.6
232	4.6	-12.5
233	4.7	-12.5
234	4.7	-12.3
235	4.5	-11.9
236	4.6	-12
237	4.6	-12.1
238	4.6	-12.2
239	4.4	-11.8
240	4.3	-11.8
241	4.2	-11.7
242	4.1	-11.7
243	4.1	-11.6
244	4.1	-11.5
245	4	-11.5
246	4	-11.4
247	3.9	-11.3
248	3.9	-11.2
249	3.9	-11.1
250	3.8	-11.1
251	3.8	-11
252	3.7	-10.9
253	3.7	-10.8
254	3.6	-10.8
255	3.6	-10.7
256	3.5	-10.6
257	3.4	-10.6
258	3.4	-10.5
259	3.3	-10.5
260	3.2	-10.5
261	3.1	-10.5
262	3	-10.5
263	2.9	-10.5
264	2.8	-10.5
265	2.7	-10.4
266	2.6	-10.3
267	2.5	-10.3
268	2.5	-10.2
269	2.4	-10.2
270	2.3	-10.2
271	2.2	-10.2
272	2.1	-10.2
273	2.1	-10.1
274	2	-10.1
275	2	-10
276	1.9	-10
277	1.9	-9.9
278	1.8	-9.9
279	1.7	-9.9
280	1.7	-9.8
281	1.6	-9.8
282	1.5	-9.8
283	1.5	-9.7
284	1.4	-9.7
285	1.3	-9.6
286	1.2	-9.6
287	1.2	-9.5
288	1.1	-9.5
289	1.1	-9.4
290	1	-9.4
291	0.9	-9.4
292	0.8	-9.4
293	0.7	-9.4
294	0.6	-9.4
295	0.5	-9.3
296	0.4	-9.2
297	0.3	-9.2
298	0.2	-9.2
299	0.1	-9.2
300	0.1	-9.1
301	0	-9.1
302	-0.1	-9.1
303	-0.1	-9
304	-0.2	-9
305	-0.3	-9
306	-0.3	-8.9
307	-0.4	-8.8
308	-0.4	-8.7
309	-0.5	-8.7
310	-0.5	-8.6
311	-0.6	-8.6
312	-0.7	-8.6
313	-0.8	-8.6
314	-0.4	-8.9
315	-0.9	-8.6
316	-1	-8.6
317	-1.2	-8.6
318	-1.3	-8.6
319	-1.4	-8.6
320	-1.5	-8.5
321	-1.6	-8.5
322	-1.7	-8.4
323	-1.8	-8.4
324	-2	-8.3
325	-2.1	-8.3
326	-2.2	-8.3
327	-2.3	-8.4
328	-2.4	-8.4
329	-2.5	-8.4
330	-2.6	-8.5
331	-2.7	-8.5
332	-2.8	-8.4
333	-2.9	-8.4
334	-2.9	-8.3
335	-3	-8.3
336	-3	-8.2
337	-3.1	-8.2
338	-3.1	-8.1
339	-3.2	-8.1
340	-3.2	-8
341	-3.3	-8
342	-3.3	-7.9
343	-3.4	-7.9
344	-3.4	-7.8
345	-3.5	-7.8
346	-3.5	-7.7
347	-3.6	-7.7
348	-3.7	-7.7
349	-3.8	-7.6
350	-3.9	-7.6
351	-2.2	-8.4
352	-1.9	-8.4
353	-4	-7.6
354	-4.1	-7.7
355	-4.2	-7.7
356	-4.3	-7.7
357	-4.4	-7.7
358	-4.4	-7.6
359	-4.5	-7.6
360	-4.6	-7.6
361	-4.7	-7.6
362	-4.8	-7.6
363	-4.9	-7.5
364	-5	-7.5
365	-5	-7.4
366	-5.1	-7.4
367	-5.2	-7.4
368	-5.3	-7.4
369	-5.4	-7.3
370	-3.9	-6.7
371	-3.9	-6.8
372	-4	-6.8
373	-4	-6.9
374	-4	-7
375	-4	-7.1
376	-4	-7.2
377	-4	-7.3
378	-4	-7.4
379	-3.9	-7.5
380	-7.2	4.3
381	-7.3	4.3
382	-7.4	4.3
383	-7.5	4.3
384	-7.6	4.3
385	-7.7	4.3
386	-7.7	4.2
387	-8.1	4.2
388	-8.2	4.2
389	-8.3	4.2
390	-8	4.2
391	-5.9	5.2
392	-6	5.2
393	-7.1	4.3
394	-7	4.3
395	-6.9	4.3
396	-6.8	4.4
397	-3.8	4.9
398	-3.8	5
399	-5.8	5.3
400	-5.7	5.3
401	-5.6	5.3
402	-5.5	5.3
403	-5.4	5.3
404	-3.9	5
405	-3.9	5.1
406	-3.8	5.1
407	-3.7	5.1
408	9.7	-8.9
409	9.6	-8.9
410	9.6	-9
411	9.5	-9
412	9.4	-9
413	9.4	-9.1
414	9.3	-9.1
415	9.2	-9.1
416	9.2	-9.2
417	9.1	-9.2
418	9	-9.2
419	9	-9.3
420	8.9	-9.3
421	8.9	-9.4
422	8.8	-9.4
423	8.8	-9.5
424	8.7	-9.6
425	8.7	-9.7
426	8.6	-9.7
427	8.6	-9.8
428	8.5	-9.9
429	8.5	-10
430	8.4	-10
431	8.4	-10.1
432	8.3	-10.2
433	8.3	-10.3
434	8.2	-10.3
435	8.1	-10.3
436	8	-10.3
437	8	-10.4
438	7.9	-10.4
439	7.9	-10.5
440	7.8	-10.5
441	7.8	-10.6
442	7.8	-10.7
443	7.7	-10.7
444	7.7	-10.8
445	7.6	-10.8
446	7.6	-10.9
447	7.5	-10.9
448	7.5	-11
449	7.4	-11
450	7.3	-11
451	7.3	-11.1
452	7.2	-11.2
453	-0.5	2.3
454	-0.4	2.3
455	-0.3	2.3
456	-0.2	2.3
457	-0.1	2.3
458	0	2.3
459	0.1	2.3
460	0.2	2.3
461	0.3	2.3
462	0.4	2.3
463	0.5	2.3
464	0.6	2.3
465	0.7	2.3
466	0.7	2.4
467	0.8	2.4
468	0.9	2.4
469	1	2.4
470	1	2.5
471	1.1	2.5
472	1.2	2.5
473	1.2	2.6
474	1.3	2.6
475	1.4	2.6
476	1.5	2.6
477	1.6	2.7
478	1.7	2.7
479	1.9	2.7
480	2	2.7
481	2.1	2.7
482	2.2	2.7
483	2.4	2.7
484	2.5	2.7
485	2.6	2.7
486	2.6	2.6
487	4.3	2.8
488	4.2	2.8
489	4.1	2.8
490	4.1	2.9
491	4	2.9
492	3.9	2.9
493	3.9	2.8
494	3.8	2.8
495	3.7	2.8
496	3.6	2.8
497	3.5	2.8
498	3.5	2.7
499	3.4	2.7
500	3.3	2.7
501	3.2	2.7
502	3.1	2.7
503	3	2.7
504	3	2.6
505	2.9	2.6
506	-3.7	4.8
507	-3.6	4.7
508	-3.5	4.7
509	-3.4	4.6
510	-3.3	4.6
511	-3.3	4.5
512	-3.1	4.4
513	-3.1	4.3
514	-3	4.3
515	-3	4.2
516	-2.9	4.2
517	-2.9	4.1
518	-2.8	4.1
519	-2.8	4
520	-2.7	4
521	-2.7	3.9
522	-2.7	3.8
523	-2.6	3.7
524	-2.5	3.6
525	-2.4	3.5
526	-2.4	3.4
527	-2.4	3.3
528	-2.4	3.2
529	-2.4	3.1
530	-2.4	3
531	-2.3	3
532	-2.3	2.9
533	1.8	2.7
534	-1.4	1.2
535	-1.4	1.3
536	-1.4	1.4
537	-1.4	1.5
538	-1.5	1.6
539	-1.5	1.7
540	-1.6	1.7
541	-1.7	1.8
542	-1.8	1.9
543	-1.8	2
544	-1.8	2.1
545	-1.9	2.1
546	-1.9	2.2
547	-1.9	2.3
548	-1.9	2.4
549	-1.9	2.5
550	-2	2.5
551	-2	2.6
552	-2	2.7
553	-2.1	2.7
554	-2.1	2.8
555	-2.1	2.6
556	-0.1	-0.6
557	-0.2	-0.5
558	-0.2	-0.4
559	-0.3	-0.4
560	-0.3	-0.3
561	-0.3	-0.2
562	-0.4	-0.2
563	-0.4	-0.1
564	-0.5	-0.1
565	-0.6	-0.1
566	-0.6	0
567	-0.7	0.1
568	-0.7	0.2
569	-0.7	0.3
570	-0.8	0.3
571	-0.8	0.4
572	-0.9	0.4
573	0.1	-1.4
574	0	-1.4
575	0	-0.8
576	0	-0.9
577	0.1	-0.9
578	0.1	-1
579	0	-1
580	0	-1.1
581	0	-1.2
582	0	-1.3
583	0.1	-1.3
584	0	-0.7
585	2.7	-2.9
586	2.6	-2.9
587	2.6	-2.8
588	2.5	-2.8
589	2.4	-2.8
590	2.3	-2.8
591	2.3	-2.7
592	2.2	-2.7
593	2.1	-2.7
594	2	-2.7
595	2	-2.6
596	1.9	-2.6
597	1.8	-2.6
598	1.8	-2.5
599	1.7	-2.5
600	1.6	-2.4
601	1.5	-2.4
602	1.5	-2.3
603	1.4	-2.3
604	1.3	-2.3
605	1.3	-2.2
606	1.2	-2.2
607	1.1	-2.2
608	1.1	-2.1
609	1	-2.1
610	0.9	-2.1
611	0.8	-2
612	0.7	-1.9
613	0.6	-1.9
614	0.5	-1.9
615	0.5	-1.8
616	0.4	-1.8
617	1.9	-2.7
618	0.3	-1.6
619	0.3	-1.5
620	0.2	-1.5
621	0.2	-1.4
622	0.3	-1.7
623	0.1	-1.5
624	2.7	-3
625	2.8	-3
626	2.8	-3.1
627	-1.9	2.6
628	4.1	-2.9
629	4	-2.9
630	3.9	-2.9
631	3.8	-2.9
632	3.7	-2.9
633	3.6	-2.9
634	3.5	-2.9
635	3.5	-3
636	3.4	-3
637	3.4	-3.1
638	4.4	-3
639	-0.6	1.7
640	-0.7	1.7
641	-0.8	1.7
642	-1	1.6
643	-1.3	1.6
644	-10	-1.2
645	-9.7	-1.2
646	-9.6	-1.2
647	-9.5	-1.1
648	-9.4	-1.1
649	-9.4	-1
650	-9.3	-1
651	-9.2	-1
652	-9.1	-1
653	-9	-1
654	-8.8	-0.9
655	-8.8	-1
656	-8.7	-1
657	-8.6	-1
658	-8.6	-0.9
659	-8.5	-0.9
660	-8.4	-0.9
661	-8.4	-0.8
662	-8.3	-0.8
663	-8.2	-0.8
664	-8.1	-0.9
665	-8	-0.9
666	-7.8	-0.9
667	-7.7	-0.9
668	-7.6	-0.9
669	-7.6	-1
670	-7.5	-1
671	-7.4	-1
672	-7.3	-1
673	-7.3	-0.9
674	-7.2	-0.9
675	-7.2	-1
676	-7.1	-1
677	-7.1	-1.1
678	-7	-1.1
679	-7.9	-0.9
680	-6.9	-1.1
681	-6.8	-1.1
682	-6.7	-1.1
683	-6.6	-1.1
684	-6.5	-1.1
685	-6.4	-1.1
686	-6.3	-1.1
687	-6.2	-1.1
688	-6.1	-1.1
689	-6	-1.1
690	-5.9	-1.1
691	-5.8	-1.1
692	-5.7	-1.1
693	-5.6	-1.1
694	-5.5	-1.1
695	-5.5	-1
696	-5.4	-1
697	-5.3	-1
698	-5.2	-1
699	-5.2	-0.9
700	-5.1	-0.9
701	-5.1	-1
702	-5	-1
703	-5	-0.9
704	-4.9	-0.9
705	-4.8	-0.9
706	-4.6	-0.9
707	-4.5	-0.9
708	-4.4	-1
709	-4.3	-1
710	-4	-1.1
711	-3.9	-1.1
712	-3.7	-1.1
713	-3.6	-1.1
714	-3.5	-1.2
715	-3.4	-1.2
716	-3.3	-1.2
717	-3.2	-1.2
718	-3.2	-1.3
719	-3.1	-1.3
720	0	-1.5
721	0	-1.6
722	0.1	-1.6
723	0.1	-1.7
724	-0.3	-1.5
725	-0.2	-1.5
726	-0.1	-1.5
727	-0.1	-1.6
728	0.3	-1.8
729	-3.9	0.9
730	-3.8	0.9
731	3.5	10.4
732	3.6	10.4
733	3.7	10.4
734	3.8	10.4
735	3.9	10.3
736	4	10.3
737	4.1	10.3
738	4.2	10.3
739	4.2	10.4
740	4.3	10.4
741	4.3	10.5
742	4.4	10.6
743	4.4	10.7
744	4.4	10.8
745	4.4	10.9
746	4.5	10.9
747	4.5	11
748	4.3	10.2
749	3.5	10.5
750	3.5	10.6
751	3.4	10.6
752	3.3	10.7
753	3.2	10.8
754	3.1	10.9
755	3	10.9
756	2.9	10.9
757	2.8	10.9
758	2.8	11
759	2.7	11
760	2.6	11
761	2.6	11.1
762	2.5	11.1
763	2	11.1
764	2	11
765	1.9	11
766	1.9	10.9
767	1.8	10.9
768	1.8	10.8
769	-3.8	5.2
770	-3.7	5.3
771	-3.7	5.4
772	-3.7	5.5
773	-3.7	5.6
774	-3.6	5.6
775	-3.6	5.7
776	-3.5	5.7
777	-3.4	5.7
778	-3.4	5.8
779	-3.3	5.8
780	-3.3	5.9
781	-3.2	5.9
782	-3.2	6
783	-3.1	6.1
784	-3	6.2
785	-2.9	6.3
786	-2.8	6.4
787	-2.7	6.5
788	-2.6	6.5
789	-2.6	6.6
790	-2.6	6.7
791	-2.5	6.7
792	-2.5	6.8
793	-2.4	6.9
794	-2.4	7
795	-2.3	7
796	-2.3	7.1
797	-2.1	7.3
798	-2	7.4
799	-1.9	7.5
800	-1.9	7.6
801	-1.9	7.7
802	-1.8	7.7
803	-1.7	7.7
804	-1.7	7.8
805	-1.6	7.9
806	-1.5	8
807	-1.4	8.1
808	-1.3	8.2
809	-1.2	8.3
810	-1.2	8.4
811	-1.3	8.4
812	-1.3	8.5
813	-1.3	8.6
814	-1.2	8.6
815	-1.1	8.6
816	-1	8.6
817	-0.9	8.6
818	-0.9	8.5
819	-0.8	8.5
820	-0.8	8.6
821	-0.7	8.6
822	-0.7	8.7
823	-0.6	8.7
824	-0.6	8.8
825	-0.5	8.8
826	-0.5	8.9
827	-0.4	8.9
828	-0.4	9
829	-0.3	9
830	-0.2	9.1
831	-0.1	9.2
832	-0.1	9.3
833	0	9.4
834	0.1	9.4
835	0.1	9.5
836	0.2	9.5
837	0.3	9.6
838	0.4	9.6
839	0.4	9.7
840	0.5	9.7
841	0.5	9.8
842	0.6	9.9
843	0.6	10
844	0.7	10
845	0.8	10
846	0.9	10
847	1	10
848	1	9.9
849	1.1	9.9
850	1.1	10
851	1.2	10
852	1.2	10.1
853	1.2	10.2
854	1.3	10.2
855	1.3	10.3
856	1.4	10.3
857	1.4	10.4
858	1.5	10.4
859	1.5	10.5
860	1.6	10.5
861	1.6	10.6
862	1.7	10.6
863	1.8	10.7
864	-1.9	8.8
865	-1.8	8.8
866	-1.7	8.8
867	-1.7	8.7
868	-1.6	8.7
869	-1.5	8.6
870	-1.4	8.6
871	-1.4	8.5
872	-4.3	4.8
873	-4.3	4.7
874	-4.4	4.5
875	-4.4	4.4
876	-4.4	4.3
877	-4.4	4.2
878	-4.4	4.1
879	-4.5	4.1
880	-4.5	4
881	-4.6	3.9
882	-4.6	3.8
883	-4.7	3.6
884	-4.7	3.5
885	-4.8	3.4
886	-4.9	3.4
887	-4.9	3.3
888	-4.8	3.3
889	-4.9	3.2
890	-4.9	3.1
891	-4	5.1
892	-4	5.2
893	-4.1	5.2
894	-4.2	5
895	-4.3	5
896	-4.3	4.9
897	-4.9	3
898	-5	2.8
899	-5	2.9
900	-4.9	2.8
901	-4.9	2.9
902	-5.1	2.6
903	-5	2.6
904	-6.6	0.9
905	-6.7	0.7
906	-6.8	0.6
907	-6.8	0.5
908	-6.8	0.4
909	-6.8	0.3
910	-6.9	0.2
911	-7	0.2
912	-7	0.1
913	-7.1	0.1
914	-7.1	0
915	-7.1	-0.2
916	-7.2	-0.2
917	-7.2	-0.3
918	-7.2	-0.4
919	-7.2	-0.5
920	-7.2	-0.6
921	-7.2	-0.7
922	-7.2	-0.8
923	-7.1	-1.2
924	-7.1	-1.3
925	-7.2	-1.3
926	-7.2	-1.4
927	-7.3	-1.5
928	-7.3	-1.6
929	-7.4	-1.6
930	-7.5	-1.8
931	-7.5	-1.9
932	-7.5	-2
933	-7.6	-2
934	-7.6	-2.1
935	-7.6	-2.2
936	-7.6	-2.3
937	-7.6	-2.4
938	-7.6	-2.5
939	-7.6	-2.6
940	-7.6	-2.7
941	-7.6	-2.8
942	-7.6	-2.9
943	-7.6	-3
944	-7.5	-3.1
945	-7.5	-3.2
946	-7.5	-3.3
947	-7.4	-3.3
948	-7.4	-3.4
949	-7.4	-3.7
950	-7.4	-3.8
951	-7.4	-3.5
952	-7.4	-3.6
953	-8.6	-8.1
954	-8.7	-8.1
955	-8.7	-8.2
956	-8.8	-8.2
957	-8.8	-8.3
958	-8.9	-8.3
959	-8.5	-7.6
960	-8.5	-7.7
961	-8.6	-7.7
962	-8.6	-7.8
963	-8.6	-7.9
964	-8.6	-8
965	-8.6	-7.2
966	-8.6	-7.3
967	-8.6	-7.4
968	-8.6	-7.5
969	-8.5	-7.5
970	-9.3	-7.1
971	-9.2	-7.1
972	-9.1	-7.1
973	-9	-7.1
974	-8.9	-7.1
975	-8.8	-7.1
976	-8.7	-7.1
977	-8.5	-7.2
978	-8.3	-7.2
979	-8.2	-7.2
980	-8.1	-7.2
981	-8.1	-7.1
982	-7.9	-7.1
983	-7.7	-7
984	-7.7	-6.9
985	-7.6	-6.9
986	-7.5	-6.9
987	-7.3	-6.8
988	-7.2	-6.8
989	-7.1	-6.8
990	-8.4	-5.5
991	-8.3	-5.6
992	-8.4	-5.6
993	-8.4	-5.7
994	-8.4	-5.8
995	-8.3	-5.8
996	-8.3	-5.9
997	-8.4	-5.9
998	-8.4	-6
999	-8.4	-6.1
1000	-8.4	-6.2
1001	-8.4	-6.3
1002	-8.4	-6.4
1003	-8.3	-6.4
1004	-8.3	-6.5
1005	-8.4	-6.5
1006	-8.3	-6.6
1007	-8.4	-6.6
1008	-8.4	-6.7
1009	-8.3	-6.7
1010	-8.3	-6.8
1011	-8.4	-6.8
1012	-8.4	-6.9
1013	-8.5	-7
1014	-8.5	-7.1
1015	-7.4	-3.9
1016	-7.4	-4
1017	-7.4	-4.1
1018	-7.5	-4.1
1019	-7.5	-4.2
1020	-7.5	-4.3
1021	-7.6	-4.3
1022	-7.6	-4.4
1023	-7.7	-4.4
1024	-7.7	-4.5
1025	-7.8	-4.5
1026	-7.8	-4.6
1027	-7.9	-4.6
1028	-8	-4.7
1029	-8	-4.8
1030	-8.1	-4.9
1031	-8.1	-5
1032	-8.1	-5.1
1033	-8.1	-5.2
1034	-8.2	-5.2
1035	-8.2	-5.3
1036	-8.3	-5.3
1037	-8.3	-5.4
1038	-0.2	-7.5
1039	-0.2	-7.4
1040	0.5	-7.9
1041	0.6	-7.9
1042	4	-9.6
1043	4	-9.7
1044	4.1	-9.7
1045	4.1	-9.8
1046	4.1	-9.9
1047	4.2	-10.1
1048	4.3	-10.1
1049	4.3	-10.2
1050	4.4	-10.3
1051	4.4	-10.4
1052	4.4	-10.5
1053	4.5	-10.5
1054	4.6	-10.6
1055	4.7	-10.6
1056	4.7	-10.7
1057	4.8	-10.7
1058	4.8	-10.8
1059	4.8	-10.9
1060	4.9	-11
1061	5	-11
1062	5	-11.1
1063	5	-11.2
1064	5.1	-11.2
1065	5.1	-11.3
1066	5.1	-11.4
1067	5.1	-11.5
1068	5.1	-11.6
1069	5.1	-11.8
1070	5.2	-11.8
1071	5.2	-11.9
1072	5.2	-12
1073	-1.6	-10.5
1074	-1.7	-10.5
1075	-1.8	-10.5
1076	-1.6	-10.7
1077	-1.6	-10.6
1078	4.6	-9.5
1079	4.6	-9.4
1080	4.7	-9.3
1081	4.7	-9.2
1082	4.9	-9
1083	5	-8.9
1084	5	-8.8
1085	5.1	-8.8
1086	5.2	-8.7
1087	5.2	-8.6
1088	5.3	-8.6
1089	5.3	-8.5
1090	5.4	-8.4
1091	5.5	-8.3
1092	5.5	-8.2
1093	5.5	-8.1
1094	5.6	-8.1
1095	5.7	-8.1
1096	5.8	-8.1
1097	5.8	-8
1098	5.9	-8
1099	5.9	-7.9
1100	6	-7.9
1101	6.1	-7.9
1102	6.1	-8
1103	6.2	-7.9
1104	6.3	-7.9
1105	6.5	-7.8
1106	6.6	-7.8
1107	6.7	-7.8
1108	6.9	-7.8
1109	7	-7.7
1110	7.1	-7.7
1111	7.2	-7.7
1112	7.3	-7.6
1113	7.4	-7.6
1114	7.5	-7.6
1115	7.6	-7.5
1116	7.7	-7.5
1117	7.8	-7.5
1118	7.8	-7.4
1119	7.9	-7.4
1120	7.9	-7.3
1121	8	-7.3
1122	5.5	-13
1123	5.6	-13
1124	5.6	-13.1
1125	5.7	-13
1126	4.4	-16.4
1127	4.5	-16.4
1128	4.5	-16.3
1129	4.5	-16.2
1130	4.7	-16
1131	4.7	-15.9
1132	4.9	-15.7
1133	4.9	-15.6
1134	5	-15.6
1135	5	-15.5
1136	5.1	-15.4
1137	5.1	-15.3
1138	5.1	-15.2
1139	5.1	-15.1
1140	5.1	-15
1141	5.1	-14.9
1142	5.2	-14.8
1143	5.2	-14.7
1144	5.2	-14.6
1145	5.2	-14.5
1146	5.2	-14.4
1147	5.2	-14.3
1148	5.3	-14.2
1149	5.3	-14.1
1150	5.3	-14
1151	5.3	-13.9
1152	5.3	-13.8
1153	5.4	-13.8
1154	5.4	-13.7
1155	5.4	-13.6
1156	5.5	-13.4
1157	4.7	-12.2
1158	7.2	-11.3
1159	7.2	-11.4
1160	7.1	-11.4
1161	7.1	-11.5
1162	7.1	-11.6
1163	7	-11.6
1164	7	-11.7
1165	6.9	-11.7
1166	6.8	-11.7
1167	6.7	-11.8
1168	6.6	-11.8
1169	6.5	-11.8
1170	6.4	-11.8
1171	6.3	-11.8
1172	6.2	-11.8
1173	6.2	-11.7
1174	6.1	-11.7
1175	6.1	-11.8
1176	6	-11.8
1177	5.9	-11.8
1178	5.8	-11.8
1179	5.7	-11.8
1180	5.7	-11.9
1181	5.6	-11.9
1182	5.6	-11.8
1183	5.5	-11.8
1184	5.4	-11.8
1185	5.4	-11.9
1186	5.3	-11.9
1187	5.3	-12
1188	4.8	-12.2
1189	4.9	-12.2
1190	5	-12.2
1191	5.1	-12.1
1192	5.2	-12.1
1193	4.6	-13.2
1194	-2.1	8.8
1195	-2	8.8
1196	-1.9	8.9
1197	-1.8	8.9
1198	-1.7	8.9
1199	-1.7	9
1200	-2.2	8.8
1201	-1	2.4
1202	-1.3	1.1
1203	-1.3	1
1204	-1.4	1
1205	-1.4	0.9
1206	-1.4	0.8
1207	-1.4	0.7
1208	-1.4	0.6
1209	-1.3	0.6
1210	-1.3	0.5
1211	-1.4	0.5
1212	3.7	3
1213	3.8	3
1214	3.9	3
1215	4	3
1216	4.2	2.9
1217	4.3	2.9
1218	2.4	2.8
1219	2.5	2.8
1220	2.7	2.8
1221	2.8	2.8
1222	2.9	2.8
1223	2.9	2.9
1224	3	2.8
1225	3.1	2.8
1226	3.1	2.9
1227	3.2	2.9
1228	3.3	3
1229	3.3	2.9
1230	3.4	2.9
1231	3.5	2.9
1232	3.6	2.9
1233	3.6	3
1234	-1	0.6
1235	-1.2	0.9
1236	-1.1	0.8
1237	-1.1	0.7
1238	-1	0.7
1239	-1.5	1.3
1240	-1.5	1.4
1241	-1.5	1.2
1242	-1.4	1.1
1243	-1.8	1.4
1244	-1.8	1.3
1245	-1.9	1.3
1246	-1.9	1.2
1247	-2	1.2
1248	-2	1.1
1249	-1.6	1.3
1250	-1.7	1.7
1251	-1.6	1.6
1252	-4.6	5.5
1253	-4.8	0.5
1254	-4.8	0.6
1255	-4.8	0.7
1256	-4.7	0.7
1257	-4.7	0.6
1258	-4.6	0.6
1259	-4.6	0.5
1260	-4.6	0.4
1261	-4.6	0.3
1262	-4.5	0.3
1263	-4.5	0.4
1264	-4.4	0.4
1265	-4.3	0.4
1266	-4.3	0.5
1267	-4.2	0.5
1268	-4.1	0.5
1269	-4.1	0.6
1270	-4	0.5
1271	-4	0.4
1272	-3.8	0.4
1273	-3.7	0.3
1274	-3.7	0.2
1275	-3.6	0.2
1276	-3.5	0.2
1277	-3.9	1
1278	-3.8	0.8
1279	-3.7	0.8
1280	-3.7	0.7
1281	-3.6	0.7
1282	-3.6	0.6
1283	-3.5	0.6
1284	-3.4	0.6
1285	-3.4	0.5
1286	-3.4	0.4
1287	-3.4	0.3
1288	-3.3	0.3
1289	-3.2	0.2
1290	-3.1	0.2
1291	-3.1	0.1
1292	-3.1	0
1293	-3	0
1294	-3	-0.1
1295	-2.9	-0.1
1296	-2.8	-0.1
1297	-2.8	-0.2
1298	-2.5	0.9
1299	-2.7	0.8
1300	-2.8	0.8
1301	-2.9	0.7
1302	-3	0.6
1303	-3.1	0.6
1304	-3.1	0.5
1305	-3.2	0.4
1306	-3.3	0.4
1307	-3.5	0.3
1308	-3.6	0.1
1309	-3.7	0.1
1310	-3.8	0
1311	-3.9	-0.1
1312	-4	-0.2
1313	-4.1	-0.2
1314	-4.1	-0.3
1315	-4.2	-0.3
1316	-4.2	-0.4
1317	-4.3	-0.4
1318	-4.3	-0.5
1319	-4.4	-0.5
1320	-4.5	-0.5
1321	-4.6	-0.6
1322	-4.6	-0.7
1323	-4.7	-0.7
1324	-4.8	-0.7
1325	-4.9	-0.7
1326	-4.9	-0.8
1327	-2.9	1.2
1328	-2.9	1.1
1329	-2.9	1
1330	-2.9	0.9
1331	-2.8	0.9
1332	-2.3	1
1333	-2.3	0.9
1334	-4.3	0.8
1335	-4.3	0.9
1336	-4.4	1
1337	-4.4	1.1
1338	-4.7	0.8
1339	-4.7	0.9
1340	-4.7	1
1341	-4.7	1.1
1342	-4.6	1.1
1343	-4.6	1.2
1344	-4.5	1.3
1345	-4.4	1.4
1346	-4.4	1.5
1347	-4.4	1.6
1348	-4.4	1.7
1349	-4.4	1.8
1350	-4.4	1.9
1351	-4.4	2
1352	-4.4	2.1
1353	-4.4	2.2
1354	-4.4	2.3
1355	-4.3	2.4
1356	-4.3	2.5
1357	-4.3	2.6
1358	-4.3	2.7
1359	-4.2	2.7
1360	-4.1	2.7
1361	-4.1	2.8
1362	-4.1	2.9
1363	-4.1	3
1364	-4.1	3.1
1365	-4.1	3.2
1366	-4	3.2
1367	-3.9	3.2
1368	-3.8	3.2
1369	-3.8	3.3
1370	-3.7	3.3
1371	-3.7	3.4
1372	-3.6	3.4
1373	-3.6	3.5
1374	-4.4	0.8
1375	-4.5	0.8
1376	-4.5	0.9
1377	-4.6	0.9
1378	-4.6	1
1379	-4.5	1.1
1380	-4.3	1.1
1381	-4.3	1.2
1382	-4.2	1.2
1383	-4.2	1.1
1384	-4.1	1.1
1385	-4	1.1
1386	-4	1
1387	-4.3	1.3
1388	-4.3	1.4
1389	-4.5	1.5
1390	-4.5	1.6
1391	-4.5	1.7
1392	-4.6	1.7
1393	-4.6	1.8
1394	-4.6	1.9
1395	-4.7	2
1396	-4.7	2.1
1397	-4.8	2.1
1398	-4.8	2.2
1399	-4.9	2.2
1400	-4.9	2.3
1401	-5	2.3
1402	-5	2.4
1403	-5	2.5
1404	-4.8	1.5
1405	-4.7	1.5
1406	-4.6	1.5
1407	-4.6	1.6
1408	-4.7	1.7
1409	-4.8	1.6
1410	-5.1	2.4
1411	-5.1	2.3
1412	-5.1	2.2
1413	-5.1	2.1
1414	-5.1	2
1415	-5	2
1416	-5	1.9
1417	-4.9	1.9
1418	-4.9	1.8
1419	-4.8	1.8
1420	-4.8	1.7
1421	-5.1	2.5
1422	-4.7	1.2
1423	-4.8	1.2
1424	-4.9	1.2
1425	-4.9	1.3
1426	-5	1.3
1427	-5	1.4
1428	-5.1	1.4
1429	-5.2	1.4
1430	-5.2	1.5
1431	-5.3	1.5
1432	-5.3	1.6
1433	-5.4	1.7
1434	-5.4	1.8
1435	-5.4	1.9
1436	-5.4	2
1437	-5.5	2
1438	-5.5	2.1
1439	-5.6	2.2
1440	-5.6	2.3
1441	-5.6	2.4
1442	-5.7	2.5
1443	-5.7	2.4
1444	-5.8	2.5
1445	-5.7	2.6
1446	-5.7	2.7
1447	-5.5	2.9
1448	-5.5	3
1449	-5.6	3
1450	-5.6	3.1
1451	-3	-0.7
1452	-3.1	-0.8
1453	-3.1	-0.9
1454	-3.2	-1.1
1455	-3.3	-1.6
1456	-3.4	-1.9
1457	-3.4	-2
1458	-3.4	-2.3
1459	-3.8	-3.1
1460	-3.8	-3.2
1461	-3.9	-3.5
1462	-3.9	-3.6
1463	-3.9	-3.7
1464	-3.9	-3.8
1465	-3.9	-4
1466	-4.1	-4.6
1467	-4.2	-4.7
1468	-4.2	-5
1469	-4.2	-5.1
1470	-4.3	-5.4
1471	-4.3	-5.5
1472	-4.2	-5.4
1473	-4.1	-5.3
1474	5.5	-12.8
1475	5.6	-12.8
1476	5.5	-12.9
1477	9.2	-14.6
1478	9.1	-14.6
1479	9.1	-14.5
1480	9	-14.5
1481	8.9	-14.5
1482	8.8	-14.5
1483	8.8	-14.4
1484	8.7	-14.4
1485	8.7	-14.3
1486	8.6	-14.3
1487	8.5	-14.3
1488	8.4	-14.3
1489	8.4	-14.2
1490	8.3	-14.2
1491	8.2	-14.2
1492	8.1	-14.1
1493	8	-14.1
1494	8	-14
1495	7.9	-14.1
1496	7.8	-14.1
1497	7.7	-14.1
1498	7.7	-14
1499	7.6	-14
1500	7.6	-13.9
1501	7.5	-13.9
1502	7.5	-13.8
1503	7.4	-13.8
1504	7.4	-13.7
1505	7.3	-13.7
1506	7.2	-13.7
1507	7.1	-13.7
1508	7.1	-13.6
1509	7	-13.6
1510	6.9	-13.6
1511	6.8	-13.6
1512	6.8	-13.5
1513	6.8	-13.4
1514	6.7	-13.4
1515	6.7	-13.3
1516	6.7	-13.2
1517	6.6	-13.2
1518	6.5	-13.2
1519	6.4	-13.2
1520	6.3	-13.2
1521	6.3	-13.1
1522	6.2	-13.1
1523	6.1	-13.1
1524	6.1	-13
1525	6	-13
1526	5.9	-13
1527	5.8	-13
1528	-4.3	2.8
1529	-4.2	2.8
1530	-4.2	2.9
1531	-4.3	2.9
1532	-4.4	2.9
1533	-4.5	2.9
1534	-4.6	2.9
1535	-4.6	3
1536	-4.7	3
1537	-4.8	3.1
1538	-4.8	3.2
1539	-4.7	3.2
1540	-4.7	3.3
1541	-4.7	3.4
1542	-5	3
1543	-2.1	1.1
1544	-2.2	1.1
1545	-2.2	1
1546	-2.1	1
1547	-2.2	0.8
1548	-2.4	0.6
1549	-2.5	0.4
1550	-2.5	0.3
1551	-2.5	0.2
1552	-2.6	0.2
1553	-2.6	0.1
1554	-2.7	-0.1
1555	-3	-0.6
1556	-5.6	3.2
1557	-5.6	3.3
1558	-6.4	3.7
1559	-6.5	3.7
1560	-6.5	3.6
1561	-7.6	3.5
1562	-7.5	3.5
1563	-8.3	3.6
1564	-8.1	3.3
1565	-4.4	-6.1
1566	-4.4	-6.2
1567	-4.5	-6.2
1568	-4.9	0.6
1569	-5	0.4
1570	-5.1	0.4
1571	-5.1	0.3
1572	-5.2	0.2
1573	-5.3	0.2
1574	-5.3	0.1
1575	-5.4	0.1
1576	-5.4	0
1577	-5.5	0
1578	-5.5	-0.1
1579	-5.6	-0.1
1580	-4.7	2.9
1581	-4.8	2.9
1582	-4.8	2.8
1583	-4.9	2.7
1584	-4.6	2.6
1585	-4.7	2.6
1586	-4.8	2.6
1587	-4.9	2.6
1588	3.3	4
1589	3.4	4
1590	3.4	4.1
1591	3.5	4.1
1592	3.5	4.2
1593	3.6	4.2
1594	3.7	4.2
1595	3.7	4.3
1596	3.8	4.3
1597	3.9	4.3
1598	4	4.3
1599	4	4.4
1600	4.1	4.4
1601	4.1	4.5
1602	4.2	4.5
1603	4.2	4.4
1604	4.3	4.4
1605	2.9	4.1
1606	3	4.1
1607	3.1	4.1
1608	3.2	4.1
1609	3.3	4.1
1610	3.4	3.9
1611	2.8	3.7
1612	2.7	3.7
1613	2.7	3.8
1614	2.7	3.9
1615	2.8	3.9
1616	2.8	4
1617	2.9	4
1618	1.7	3.1
1619	1.7	3.2
1620	1.8	3.3
1621	1.8	3.4
1622	1.9	3.4
1623	2	3.4
1624	2	3.5
1625	2.1	3.5
1626	2.2	3.5
1627	2.2	3.6
1628	2.3	3.6
1629	2.4	3.6
1630	2.4	3.7
1631	2.5	3.7
1632	2.6	3.8
1633	1.6	3
1634	1.7	3
1635	-0.1	3.5
1636	0	3.5
1637	0	3.4
1638	0.1	3.4
1639	0.2	3.4
1640	0.3	3.4
1641	0.3	3.3
1642	0.4	3.3
1643	0.6	3.2
1644	0.7	3.2
1645	1	3.1
1646	1.1	3.1
1647	1.1	3
1648	1.3	3
1649	1.4	3
1650	1.5	3
1651	-0.2	3.5
1652	-1	2.5
1653	-0.9	2.5
1654	-0.9	2.6
1655	-0.8	2.6
1656	-0.8	2.7
1657	-0.6	2.9
1658	-0.5	3.1
1659	-0.4	3.1
1660	-0.4	3.2
1661	-0.3	3.3
1662	-1.1	2.4
1663	-1.1	2.3
1664	-1.2	2.3
1665	-1.2	2.2
1666	-1.5	1.8
1667	-0.8	0.2
1668	-0.9	0.3
1669	-1	0.4
1670	-1	0.5
1671	-1.8	-0.3
1672	-1.7	-0.2
1673	-1.6	-0.2
1674	-1.5	-0.2
1675	-1.4	-0.2
1676	-1.3	-0.1
1677	-1.2	-0.1
1678	-1.1	-0.1
1679	-1	-0.1
1680	-1	0
1681	-0.9	0
1682	-0.8	0.1
1683	-2.9	-1.3
1684	-2.5	-1.3
1685	-2.3	-1.3
1686	-1.7	-1.3
1687	-1.6	-1.3
1688	-1.2	-1.3
1689	-1.1	-1.3
1690	-1	-1.3
1691	-0.9	-1.3
1692	-0.5	-1.3
1693	-0.3	-1.4
1694	-4.6	2.7
1695	-4.7	2.7
1696	-4.4	2.5
1697	-4.4	2.6
1698	-4.5	2.6
1699	-1.8	1.5
1700	-1.7	1.5
1701	-1.5	1.5
1702	-1.6	1.4
1703	-2.2	8.9
1704	-2.3	8.8
1705	-2.3	8.9
1706	5.8	-12.2
1707	5.8	-12.3
1708	5.9	-12.3
1709	6	-12.3
1710	6.1	-12.3
1711	6.2	-12.3
1712	-8	3.3
1713	-7.9	3.4
1714	-7.8	3.4
1715	-7.7	3.5
1716	-6.5	3.5
1717	-6.6	3.6
1718	-6.6	3.7
1719	-6.7	3.7
1720	-6.8	3.7
1721	-6.9	3.7
1722	-6.9	3.6
1723	-7	3.6
1724	-7.1	3.6
1725	-7.2	3.6
1726	-7.2	3.7
1727	-7.3	3.7
1728	-5.1	3.2
1729	-5.1	3.1
1730	-4.4	2.8
1731	-4	2.8
1732	-3.9	2.8
1733	-3.8	2.8
1734	-3.7	2.8
1735	-3.6	2.8
1736	-3.5	2.8
1737	-3.4	2.8
1738	-3.3	2.8
1739	-3.2	2.8
1740	-3.2	2.7
1741	-3.1	2.7
1742	-3	2.7
1743	-2.9	2.6
1744	-2.8	2.6
1745	-2.8	2.5
1746	-2.7	2.5
1747	-2.6	2.5
1748	-2.6	2.4
1749	-2.5	2.4
1750	-2.5	2.3
1751	-2.4	2.3
1752	-2.3	2.2
1753	-2.1	2
1754	-2	1.9
1755	-1.9	1.9
1756	-1.9	1.8
1757	-1.8	1.7
1758	-1.7	1.6
1759	-1.4	0.4
1760	-1.5	0.4
1761	-1.6	0.3
1762	-1.7	0.2
1763	-1.8	0.2
1764	-1.8	0.1
1765	-1.9	0.1
1766	-1.9	0
1767	-1.8	1.2
1768	7.7	-9
1769	7.6	-9
1770	7.7	-9.1
1771	7.8	-9.1
1772	5.7	-11.7
1773	5.7	-11.6
1774	5.6	-11.5
1775	5.6	-11.4
1776	-4.8	-6.5
1777	-4.8	-6.6
1778	-4.8	-6.7
1779	-4.9	-6.8
1780	-4.8	-6.8
1781	-4	5.6
1782	-4	5.5
1783	-4.1	5.5
1784	-4.1	5.6
1785	-3.9	5.6
1786	-3.9	5.5
1787	-4.4	6.6
1788	-4.5	6.6
1789	-4.5	6.7
1790	-4.4	6.7
1791	6.8	-12.6
1792	6.9	-12.6
1793	6.8	-12.5
1794	6.8	-12.4
1795	5.5	-11.4
1796	5.5	-11.5
1797	5.5	-11.6
1798	5.4	-11.6
1799	5.4	-11.7
1800	5.3	-11.7
1801	5.3	-11.8
1802	6.5	-11.2
1803	6.4	-11.2
1804	6.4	-11.1
1805	6.3	-11.1
1806	6.2	-11.1
1807	6.2	-11
1808	6.1	-11
1809	6.1	-10.9
1810	6	-10.9
1811	5.9	-10.9
1812	5.8	-10.9
1813	5.7	-10.9
1814	6.4	-11.9
1815	6.5	-11.9
1816	6.5	-11.7
1817	6.5	-11.6
1818	6.5	-11.5
1819	6.4	-11.4
1820	6.5	-11.4
1821	6.5	-11.3
1822	-1.9	1.5
1823	-2	1.5
1824	-2.1	1.4
1825	-2	1.6
1826	-2.1	1.6
1827	-2.2	1.8
1828	-2.4	1.8
1829	-2.4	1.9
1830	-2.6	2
1831	-2.7	2
1832	-2.8	2.1
1833	-2.9	2.2
1834	-3	2.2
1835	-3.1	2.2
1836	-3.1	2.3
1837	-3.2	2.3
1838	-3.5	2.3
1839	-3.5	2.4
1840	-3.6	2.4
1841	-3.7	2.4
1842	-3.8	2.4
1843	-3.9	2.4
1844	-4	2.4
1845	-4.1	2.4
1846	-4.1	2.5
1847	-10.8	-4.1
1848	-10.7	-4.1
1849	-10.7	-4
1850	-10.7	-3.9
1851	-10.7	-3.8
1852	-10.6	-3.8
1853	-10.5	-3.8
1854	-10.5	-3.7
1855	-10.4	-3.7
1856	-10.3	-3.7
1857	-10.3	-3.6
1858	-10.2	-3.6
1859	-10.1	-3.6
1860	-10	-3.6
1861	-10	-3.5
1862	-9.9	-3.5
1863	-9.6	-3.6
1864	-9.6	-3.7
1865	-9.5	-3.7
1866	-9.4	-3.7
1867	-9.4	-3.8
1868	-9.3	-3.8
1869	-9.4	-3.9
1870	-9.5	-3.9
1871	-9.5	-3.8
1872	-9.6	-3.8
1873	-9.9	-3.6
1874	-9.8	-3.6
1875	-9.7	-3.6
1876	-3.5	5.8
1877	-3.7	5.7
1878	-3.8	5.6
1879	-3.8	5.7
1880	2.6	-10.2
1881	-5.5	-7.2
1882	-5.6	-7.2
1883	-5.6	-7.1
1884	-5.6	-7
1885	-5.7	-7
1886	-5.7	-6.9
1887	-5.8	-6.9
1888	-5.9	-6.9
1889	-6	-6.9
1890	-6.1	-6.9
1891	-6.1	-6.8
1892	-6.2	-6.9
1893	-6.3	-6.8
1894	-6.4	-6.8
1895	-6.5	-6.8
1896	-6.6	-6.8
1897	-6.7	-6.8
1898	-6.8	-6.8
1899	-6.9	-6.8
1900	-6.9	-6.7
1901	-7	-6.7
1902	-7.1	-6.7
1903	-7.5	-6.8
1904	-7.6	-6.8
1905	-7.7	-6.8
1906	-7.8	-6.8
1907	-7.9	-6.8
1908	-8	-6.8
1909	-8.1	-6.8
1910	-8.1	-6.9
1911	-8.2	-6.9
1912	-8.3	-6.9
1913	-8.5	-6.9
1914	-8.6	-6.9
1915	-8.6	-7
1916	-8.7	-7
1917	-8.8	-7
1918	-8.9	-7
1919	-9.1	-7
1920	-9.2	-6.9
1921	-9.3	-6.9
1922	-6.9	4.4
1923	-6.8	4.3
1924	-6.7	4.3
1925	-6.6	3.8
1926	-6.6	3.5
1927	-6.3	3.4
1928	-6.2	3.4
1929	-6.2	3.3
1930	-6.1	3.3
1931	-6	3.3
1932	-5.9	3.2
1933	-5.8	3.2
1934	-5.7	3.1
1935	-5.4	3
1936	-5.3	3
1937	-5.2	3
1938	-5.1	2.9
1939	-6.5	3.4
1940	-6.4	3.4
1941	-4.3	-7.6
1942	-4.4	-7.5
1943	-4.4	-7.4
1944	-4.4	-7.3
1945	-4.5	-7.3
1946	-4.5	-7.2
1947	-4.6	-7.2
1948	-4.6	-7.1
1949	-4.2	-7.8
1950	-4.1	-7.8
1951	-4.1	-7.9
1952	-4	-7.9
1953	-4	-8
1954	-3.9	-8.1
1955	-3.8	-8.1
1956	-3.7	-8.3
1957	-3.7	-8.4
1958	-3.6	-8.4
1959	-3.5	-8.5
1960	-3.4	-8.6
1961	-3.3	-8.6
1962	-3.3	-8.7
1963	-3.2	-8.7
1964	-3.1	-8.8
1965	-3	-8.8
1966	-2.9	-8.8
1967	-2.8	-8.9
1968	-2.7	-8.9
1969	-2.6	-9
1970	-2.4	-9
1971	-2.4	-9.1
1972	-2.3	-9.2
1973	-2.4	-9.3
1974	-2.3	-9.3
1975	-2.3	-9.4
1976	-5	2.7
1977	-5.3	2.4
1978	-5.4	2.4
1979	-5.5	2.4
1980	-5.5	2.3
1981	-5.8	2
1982	-5.9	1.8
1983	-6.1	1.6
1984	-6.1	1.5
1985	-6.2	1.5
1986	-6.3	1.4
1987	-6.4	1.4
1988	-6.4	1.3
1989	-6.5	1.3
1990	-6.5	1.2
1991	-6.6	1.1
1992	-4.6	3.6
1993	-4.5	3.6
1994	-4.4	3.6
1995	-4.3	3.6
1996	-4.3	3.7
1997	-4.2	3.7
1998	-4.2	3.6
1999	-4.2	3.5
2000	-4.2	3.4
2001	-4.1	3.4
2002	-4.1	3.3
2003	-4.2	3.3
2004	-4.2	3.2
2005	-4.2	3.1
2006	-4.2	3
2007	-1.7	-8.5
2008	-1.8	-8.5
2009	-1.9	-8.5
2010	-2	-8.5
2011	-2	-8.6
2012	-2	-8.7
2013	-2.1	-8.8
2014	-2.1	-8.9
2015	-2.2	-8.9
2016	-2.2	-9
2017	-2.3	-9
2018	-2.3	-9.1
2019	-2.2	-9.4
2020	-2.3	-9.5
2021	-2.3	-9.6
2022	-2.3	-9.7
2023	-2.3	-9.8
2024	-2.3	-9.9
2025	-2.3	-10
2026	-2.3	-10.1
2027	-2.2	-10.1
2028	-2.1	-10.2
2029	-2.1	-10.3
2030	-2	-10.3
2031	-2	-10.4
2032	-1.9	-10.4
2033	-1.9	-10.5
2034	-1.8	-10.4
2035	-1.4	-11.1
2036	-1.4	-11
2037	-1.4	-10.9
2038	-1.5	-10.9
2039	-1.5	-10.8
2040	-1.1	-11.6
2041	-1.2	-11.6
2042	-1.3	-11.6
2043	-1.3	-11.5
2044	-1.3	-11.4
2045	-1.4	-11.4
2046	-1.4	-11.3
2047	-1.4	-11.2
2048	-1.5	-11.2
2049	-5.1	-6.2
2050	-5.2	-6.1
2051	-2.5	-7.3
2052	-2.5	-7.4
2053	-2.6	-7.6
2054	-2.6	-7.5
2055	-5.6	-5.5
2056	-5.7	-5.4
2057	-5.7	-5.3
2058	-5.7	-5.2
2059	-5.8	-5.2
2060	-5.8	-5.1
2061	-5.9	-5
2062	-5.9	-4.9
2063	-5.9	-4.8
2064	-6	-4.7
2065	-6	-4.6
2066	-6	-4.5
2067	-6.1	-4.5
2068	-6.1	-4.4
2069	-6.2	-4.3
2070	-2.7	-7.5
2071	1.3	-8
2072	1.4	-8
2073	1.4	-8.1
2074	1.5	-8.1
2075	1.5	-8.2
2076	1.6	-8.2
2077	1.6	-8.1
2078	1.7	-8.1
2079	1.8	-8.1
2080	1.9	-8.1
2081	1.9	-8
2082	2	-8.1
2083	2.1	-8.1
2084	2.2	-8.2
2085	2.3	-8.2
2086	2.3	-8.3
2087	2.4	-8.3
2088	2.4	-8.4
2089	2.5	-8.4
2090	2.6	-8.5
2091	2.7	-8.6
2092	2.8	-8.6
2093	2.8	-8.7
2094	2.9	-8.7
2095	2.9	-8.8
2096	3	-8.8
2097	3	-8.9
2098	3.1	-9
2099	3.2	-9.1
2100	3.2	-9.2
2101	3.3	-9.2
2102	3.3	-9.3
2103	3.4	-9.3
2104	3.5	-9.3
2105	3.6	-9.3
2106	3.7	-9.3
2107	3.7	-9.4
2108	3.8	-9.4
2109	-2.6	-7.4
2110	3.8	-9.5
2111	3.9	-9.5
2112	3.9	-9.4
2113	-4.2	5.5
2114	-4.3	5.6
2115	-4.3	5.5
2116	-4.2	5.4
2117	-4.1	5.4
2118	-4.1	5.3
2119	-4.2	5.1
2120	-4.3	5.1
2121	-4.1	5.1
2122	-4.3	5.4
2123	-4	5.3
2124	-5.9	5.3
2125	-4.4	5.8
2126	0.8	-11.9
2127	0.9	-11.9
2128	0.9	-11.8
2129	1	-11.8
2130	1	-11.7
2131	1.1	-11.7
2132	1.3	-11.7
2133	1.4	-11.7
2134	1.5	-11.7
2135	1.6	-11.7
2136	1.7	-11.7
2137	1.7	-11.6
2138	1.8	-11.5
2139	1.8	-11.4
2140	1.9	-11.3
2141	1.9	-11.2
2142	2	-10.9
2143	2.1	-10.7
2144	2.1	-10.6
2145	2.1	-10.5
2146	2.2	-10.5
2147	2.2	-10.4
2148	2.3	-10.4
2149	2.3	-10.3
2150	2.4	-10.3
2151	2.5	-10.1
2152	2.6	-10
2153	2.7	-10
2154	2.8	-10
2155	3	-9.9
2156	3.1	-9.9
2157	3.1	-9.8
2158	3.2	-9.8
2159	3.3	-9.8
2160	3.4	-9.8
2161	3.5	-9.7
2162	3.6	-9.7
2163	3.7	-9.6
2164	3.8	-9.7
2165	3.9	-9.7
2166	3.9	-9.6
2167	3.6	-9.8
2168	3.7	-9.8
2169	3.7	-9.9
2170	3.8	-9.9
2171	3.8	-10
2172	4.2	-9.6
2173	4.1	-9.6
2174	4.2	-9.5
2175	4.3	-9.6
2176	4.4	-9.6
2177	4.5	-9.6
2178	4.5	-9.5
2179	4.4	-9.7
2180	4.7	-9.5
2181	4.9	-9.4
2182	5	-9.4
2183	5.2	-9.5
2184	5.3	-9.5
2185	5.3	-9.4
2186	5.4	-9.4
2187	5.5	-9.4
2188	5.6	-9.3
2189	5.6	-9.2
2190	5.7	-9.2
2191	5.8	-9.2
2192	5.8	-9.1
2193	5.9	-9.1
2194	6	-9.1
2195	6	-9.2
2196	6.5	-9.2
2197	6.5	-9.1
2198	6.4	-9.1
2199	6.3	-9.1
2200	6.2	-9.1
2201	6.1	-9.1
2202	6	-9.3
2203	6.1	-9.3
2204	6.2	-9.2
2205	6.3	-9.2
2206	6.4	-9.2
2207	6.6	-9.2
2208	6.7	-9.2
2209	6.7	-9.3
2210	6.8	-9.3
2211	6.8	-9.2
2212	6.9	-9.2
2213	6.9	-9.1
2214	7	-9.1
2215	7	-9
2216	7.1	-9.1
2217	7.2	-9.1
2218	7.3	-9.1
2219	7.4	-9.1
2220	7.5	-9.1
2221	7.6	-9.1
2222	2.7	-3.1
2223	2.7	-3.2
2224	2.6	-3.2
2225	2.6	-3.1
2226	2.5	-3.1
2227	2.4	-3.1
2228	2.4	-3.2
2229	2.4	-3.3
2230	2.3	-3.4
2231	2.2	-3.4
2232	2.2	-3.5
2233	2.1	-3.6
2234	2.1	-3.7
2235	2	-3.7
2236	2	-3.8
2237	2	-3.9
2238	1.9	-3.9
2239	1.9	-4
2240	1.8	-4.1
2241	1.7	-4.2
2242	1.7	-4.3
2243	1.6	-4.4
2244	1.6	-4.5
2245	1.5	-4.5
2246	1.3	-4.7
2247	1.3	-4.8
2248	1.3	-4.9
2249	1.2	-4.9
2250	1.2	-5
2251	1.1	-5
2252	1.1	-5.1
2253	1	-5.1
2254	1	-5.2
2255	1	-5.3
2256	0.9	-5.3
2257	0.9	-5.4
2258	0.8	-5.4
2259	0.6	-5.4
2260	0.5	-5.4
2261	0.4	-5.4
2262	0.3	-5.4
2263	0.2	-5.4
2264	0.1	-5.4
2265	0	-5.5
2266	-0.1	-5.5
2267	-0.2	-5.5
2268	-0.3	-5.5
2269	-0.4	-5.5
2270	-0.4	-5.6
2271	-0.5	-5.6
2272	-0.6	-5.6
2273	-0.7	-5.7
2274	-0.8	-5.7
2275	-0.8	-5.8
2276	-0.9	-5.7
2277	-0.9	-5.6
2278	-4.4	-6.3
2279	-4.3	-6.3
2280	-4.8	-6.3
2281	-4.7	-6.3
2282	-4.6	-6.3
2283	-5	-7
2284	-5	-6.9
2285	-5	-6.8
2286	-5	-6.7
2287	-5.1	-6.7
2288	-5.1	-6.6
2289	-5.1	-6.5
2290	-5.1	-6.4
2291	-5.2	-6.4
2292	-5.1	-6.3
2293	-4.9	-7
2294	-4.9	-7.1
2295	-4.9	-7.2
2296	-4.8	-7.2
2297	-4.8	-7.1
2298	-4.7	-7.1
2299	-4.6	-7
2300	-4.7	-7
2301	-4.7	-6.9
2302	-4.8	-7
2303	-4	5.4
2304	-3.9	5.2
2305	-3.9	5.3
2306	-4.3	5.8
2307	-4.3	5.9
2308	-4.4	5.2
2309	-4.4	5.3
2310	-4.3	5.2
2311	-4.6	5.4
2312	-6.9	6.4
2313	-6.9	6.3
2314	-4.5	5.3
2315	-5.1	5
2316	-5	5
2317	-5.1	4.9
2318	-4.3	5.3
2319	-6.1	5.4
2320	-6.1	5.3
2321	-6.2	5.5
2322	-6.2	5.4
2323	-4.8	5.2
2324	-4.7	5.2
2325	-7	6.3
2326	-7	6.2
2327	-7	6.4
2328	-4.5	5.4
2329	-4.4	5.1
2330	-5.7	4.7
2331	-5.6	4.8
2332	-5.5	4.9
2333	-5.4	4.9
2334	-5.3	4.9
2335	-5.2	4.9
2336	-4.6	5.2
2337	-4.6	5.3
2338	-5.6	4.9
2339	-5.6	5
2340	-4.3	6
2341	-4.5	5.5
2342	-6.3	-6.9
2343	-5.7	-6.8
2344	-5.6	-6.8
2345	-5.6	-6.7
2346	-5.5	-6.7
2347	-5.4	-6.7
2348	-5.3	-6.7
2349	-5.3	-6.6
2350	-3.1	-1.1
2351	-2.9	-1.1
2352	-2.8	-1.1
2353	-2.7	-1.1
2354	-2.7	-1
2355	-2.6	-1
2356	-2.5	-1
2357	-2.5	-0.9
2358	-2.4	-0.9
2359	-2.3	-0.8
2360	-2.2	-0.8
2361	-2.1	-0.8
2362	-2	-0.7
2363	-1.9	-0.7
2364	-1.8	-0.6
2365	-1.7	-0.6
2366	-1.7	-0.5
2367	-1.7	-0.4
2368	-1.8	-0.4
2369	-1.8	-0.2
2370	-1.8	-0.1
2371	-1.9	-0.1
2372	-5.2	-6.6
2373	-4.2	5.3
2374	-5.1	5.5
2375	-5.2	5.5
2376	-4.2	5.2
2377	-6.6	5.6
2378	-6.5	5.6
2379	-6.5	5.7
2380	-5.1	5.3
2381	-5.1	5.2
2382	-5.1	5.1
2383	-5	5.1
2384	-5.8	5.9
2385	-5.7	5.9
2386	-5.6	5.9
2387	-5.6	5.8
2388	-5.5	5.8
2389	-5.4	5.8
2390	-5.3	5.8
2391	-5.2	5.8
2392	-5.1	5.7
2393	-5.9	5.9
2394	-5.9	6
2395	-6	6
2396	-6	6.1
2397	-6.1	6.1
2398	-4	5
2399	-4.1	4.9
2400	-4.1	5
2401	-6.4	5.6
2402	-6.3	5.6
2403	-5.8	5
2404	-5.7	5
2405	-6.1	5.2
2406	-5.9	5.1
2407	-4.8	5.6
2408	-4.9	5.6
2409	-4.9	5.7
2410	-5	5.7
2411	-4.4	5.4
2412	-5.4	5.5
2413	-5.5	5.5
2414	-6.6	5.7
2415	-6.2	5.6
2416	-6.1	5.7
2417	-6	5.7
2418	-6	5.8
2419	-5.9	5.8
2420	-4.5	5.1
2421	-6	5.1
2422	-6.1	5.1
2423	-6.2	5.1
2424	-6.3	5
2425	-6.4	5
2426	-6.4	4.9
2427	-6.5	4.9
2428	-6.5	4.8
2429	-6.5	4.7
2430	-6.6	4.6
2431	-6.7	4.5
2432	-6.8	4.5
2433	-5	4.8
2434	-5	4.9
2435	-4.6	5.1
2436	-4.7	5.1
2437	-4.7	5
2438	-4.8	5
2439	-4.8	4.9
2440	-4.9	4.9
2441	-4.5	5
2442	-1.7	1.4
2443	-1.6	1.5
2444	-7.1	6.3
2445	-7.1	6.4
2446	-4.9	5.1
2447	-4.8	5.1
2448	-6.1	6
2449	-5.8	6
2450	-5.9	5
2451	-6.1	5.9
2452	-6.2	5.8
2453	-6.2	5.7
2454	-6.3	5.7
2455	-5.8	4.9
2456	-5.7	4.9
2457	-5.7	4.8
2458	-7	6.1
2459	-6.9	6
2460	-6.9	5.9
2461	-6.8	5.9
2462	-6.7	5.8
2463	-6.6	5.8
2464	-4.4	5.7
2465	-4.4	5.6
2466	-4.4	5.5
2467	-4.2	5.6
2468	-4.2	5.7
2469	-4.3	5.7
2470	-4.5	5.6
2471	-6	5.3
2472	-5.9	5.4
2473	-5.8	5.4
2474	-5.8	5.5
2475	-5.7	5.5
2476	-5.7	5.6
2477	-5.6	5.5
2478	-5.3	5.5
2479	-6.8	6.4
2480	-6.7	6.4
2481	-6.6	6.4
2482	-6.5	6.4
2483	-6.5	6.3
2484	-6.4	6.3
2485	-6.2	6.2
2486	-6.2	6.1
2487	5.6	-12.9
2488	5.5	-13.3
2489	5.6	-13.3
2490	5.5	-13.2
2491	5.6	-13.2
2492	5.4	-13.4
2493	5.3	-13.4
2494	5.3	-13.5
2495	5.2	-13.5
2496	5.1	-13.5
2497	5	-13.5
2498	5	-13.6
2499	4.9	-13.6
2500	4.8	-13.6
2501	4.8	-13.7
2502	4.7	-13.7
2503	4.5	-13.7
2504	4.4	-13.7
2505	4.3	-13.7
2506	4.2	-13.8
2507	4.1	-13.7
2508	4.1	-13.8
2509	4	-13.8
2510	3.9	-13.8
2511	3.8	-13.8
2512	3.7	-13.8
2513	3.6	-13.8
2514	3.5	-13.8
2515	3.5	-13.9
2516	3.4	-13.9
2517	3.4	-13.8
2518	3.3	-13.8
2519	3.2	-13.8
2520	3.2	-13.7
2521	3.1	-13.7
2522	3.1	-13.6
2523	3	-13.6
2524	2.9	-13.6
2525	2.8	-13.7
2526	2.8	-13.6
2527	2.7	-13.7
2528	2.6	-13.7
2529	2.5	-13.7
2530	2.4	-13.7
2531	2.4	-13.8
2532	2.3	-13.7
2533	2.2	-13.7
2534	2.1	-13.7
2535	2	-13.7
2536	1.9	-13.7
2537	1.8	-13.7
2538	1.8	-13.6
2539	1.7	-13.6
2540	1.7	-13.7
2541	1.6	-13.7
2542	1.6	-13.8
2543	1.5	-13.7
2544	1.4	-13.7
2545	0.8	-11.8
2546	0.9	-11.7
2547	7.3	-10.1
2548	7.3	-10.2
2549	7.4	-10.2
2550	7.5	-10.2
2551	7.5	-10.3
2552	7.5	-10.4
2553	7.6	-10.5
2554	7.5	-10.5
2555	7.5	-10.6
2556	7.4	-10.6
2557	7.4	-10.5
2558	7.3	-10.5
2559	7.3	-10.4
2560	7.2	-10.4
2561	7.2	-10.3
2562	7.1	-10.3
2563	7.1	-10.2
2564	7	-10.2
2565	7	-10.1
2566	7	-10
2567	6.9	-10
2568	6.9	-10.1
2569	6.8	-10.1
2570	6.7	-10.1
2571	6.7	-10
2572	6.6	-10
2573	6.6	-10.1
2574	6.5	-10.1
2575	6.4	-10.1
2576	6.3	-10
2577	6.2	-10
2578	6.1	-10.1
2579	6	-10.1
2580	5.9	-10.1
2581	5.8	-10.1
2582	5.7	-10.1
2583	5.7	-10
2584	5.6	-10
2585	5.6	-10.1
2586	5.5	-10
2587	5.5	-10.1
2588	5.4	-10.1
2589	5.3	-10.1
2590	4.9	-9.9
2591	4.7	-9.8
2592	4.6	-9.8
2593	4.6	-9.7
2594	4.5	-9.7
2595	7.9	-8.8
2596	8	-8.9
2597	8.1	-9
2598	8.2	-9
2599	8.2	-9.1
2600	8.3	-9.2
2601	8.8	-9.3
2602	8.9	-9.2
2603	-7.2	6.4
2604	-7.3	6.4
2605	-7.5	6.5
2606	-7.7	6.7
2607	-0.8	-5.6
2608	-1	-5.5
2609	-1.1	-5.5
2610	-1.1	-5.4
2611	-1.2	-5.3
2612	-1.3	-5.3
2613	-1.4	-5.3
2614	-1.5	-5.3
2615	-1.6	-5.2
2616	-1.7	-5.2
2617	-1.8	-5.3
2618	-1.9	-5.3
2619	-1.9	-5.4
2620	-2.1	-5.6
2621	-2.4	-6
2622	-2.5	-6
2623	-2.6	-6
2624	-2.9	-6
2625	-3.5	-6.2
2626	-3.7	-6.2
2627	-4	-6.2
2628	-4.1	-6.3
2629	-4.2	-6.3
2630	9.5	-9.1
2631	9.6	-9.1
2632	9.7	-9.1
2633	5.8	-13.2
2634	5.7	-13.2
2635	5.7	-13.3
2636	5.5	-13.1
2637	5.6	-12.7
2638	5.7	-12.7
2639	5.8	-12.7
2640	5.8	-12.6
2641	5.9	-12.6
2642	6	-12.5
2643	6.1	-12.5
2644	6.1	-12.4
2645	6.2	-12.4
2646	6.3	-12.2
2647	6.4	-12.2
2648	6.5	-12.1
2649	6.5	-12
2650	6.6	-12
2651	6.6	-11.9
2652	6.7	-11.9
2653	5.7	-12.6
2654	5.7	-12.5
2655	5.7	-12.4
2656	5.7	-12.2
2657	5.7	-12.3
2658	5.7	-12.1
2659	5.6	-12.1
2660	5.6	-12
2661	5.5	-12
2662	5.5	-11.9
2663	5.6	-11.3
2664	5.6	-11.2
2665	5.7	-11.2
2666	5.7	-11.1
2667	5.6	-11.1
2668	5.6	-11
2669	5.7	-11
2670	5.7	-10.8
2671	5.8	-10.8
2672	5.8	-10.7
2673	5.8	-10.6
2674	5.8	-10.5
2675	5.9	-9
2676	5.8	-8.9
2677	5.8	-8.8
2678	5.9	-8.8
2679	5.8	-8.7
2680	5.7	-8.7
2681	5.8	-8.6
2682	5.7	-8.6
2683	5.7	-8.5
2684	5.6	-8.5
2685	5.6	-8.6
2686	5.5	-8.6
2687	5.4	-8.6
2688	5.4	-8.7
2689	5.5	-8.7
2690	5.5	-8.8
2691	5.5	-8.9
2692	5.7	-9.1
2693	7	-11.3
2694	7.1	-11.2
2695	7.1	-11.3
2696	7.5	-11.4
2697	7.6	-11.3
2698	7.7	-11.2
2699	7.8	-11.2
2700	7.8	-11.1
2701	7.9	-11.1
2702	8	-11.1
2703	8.1	-11
2704	8.2	-11
2705	8.3	-11
2706	8.3	-10.9
2707	8.4	-10.9
2708	8.5	-10.9
2709	8.1	-11.1
2710	8.2	-11.1
2711	8.2	-11.2
2712	8.3	-11.2
2713	8.3	-11.3
2714	8.3	-11.4
2715	8.3	-11.5
2716	8.2	-11.5
2717	8.2	-11.6
2718	8.3	-11.6
2719	8.4	-11.5
2720	8.5	-11.5
2721	8.5	-11.6
2722	8.6	-11.6
2723	8.6	-11.5
2724	8.7	-11.5
2725	8.7	-11.6
2726	8.8	-11.6
2727	8.9	-11.6
2728	9	-11.6
2729	9	-11.5
2730	9.1	-11.5
2731	9.1	-11.6
2732	9.1	-11.7
2733	9.1	-11.8
2734	9.1	-11.9
2735	9.2	-11.9
2736	9.2	-12
2737	9.2	-12.1
2738	9.3	-12.2
2739	9.3	-12.3
2740	9.2	-12.3
2741	9.2	-12.4
2742	9.1	-12.5
2743	9	-12.6
2744	8.9	-12.6
2745	8.9	-12.5
2746	8.8	-12.5
2747	8.7	-12.5
2748	8.7	-12.4
2749	8.8	-12.4
2750	8.8	-12.3
2751	8.8	-12.2
2752	8.9	-12.2
2753	9	-12.2
2754	9	-12.1
2755	9.1	-12.1
2756	9.1	-12
2757	9	-11.8
2758	9	-11.7
2759	8.9	-11.7
2760	8.8	-11.7
2761	8.8	-11.5
2762	8.8	-11.4
2763	8.8	-11.3
2764	8.7	-11.3
2765	8.7	-11.2
2766	8.7	-11.1
2767	8.6	-11.1
2768	8.6	-11
2769	8.5	-10.8
2770	8.4	-10.8
2771	8.3	-10.8
2772	8.3	-10.7
2773	8.2	-10.7
2774	8.2	-10.6
2775	8.2	-10.5
2776	8.1	-10.5
2777	8.1	-10.4
2778	8	-10.2
2779	8.1	-10.2
2780	7.6	-9.2
2781	7.6	-9.3
2782	7.6	-9.4
2783	7.6	-9.5
2784	7.7	-9.5
2785	7.7	-9.6
2786	7.8	-9.6
2787	7.8	-9.7
2788	7.7	-9.7
2789	7.7	-9.8
2790	7.8	-9.8
2791	7.9	-9.8
2792	7.9	-9.9
2793	8	-9.9
2794	8	-10
2795	8	-10.1
2796	-4.4	-7.1
2797	-4.3	-7.1
2798	-4.2	-7.1
2799	-4.2	-7
2800	-4.1	-7
2801	-3.9	-7.1
2802	-3.9	-7.2
2803	-3.8	-7.2
2804	-3.7	-7.2
2805	-3.7	-7.1
2806	-3.6	-7.1
2807	-3.6	-7.2
2808	-3.5	-7.1
2809	-3.5	-7.2
2810	-3.4	-7.1
2811	-3.3	-7.1
2812	-3.2	-7.1
2813	-3.1	-7.2
2814	-3.1	-7.3
2815	-3	-7.3
2816	-2.9	-7.3
2817	-2.9	-7.2
2818	-2.8	-7.2
2819	-2.8	-7.1
2820	-2.8	-7
2821	-2.8	-6.9
2822	-2.8	-6.8
2823	-2.7	-6.8
2824	-2.7	-6.7
2825	-7.1	-1.4
2826	-7	-1.4
2827	-7	-1.5
2828	-7	-1.6
2829	-7	-1.7
2830	-7	-1.8
2831	-7	-1.9
2832	-7	-2.1
2833	-6.9	-2.1
2834	-6.9	-2.2
2835	-6.8	-2.3
2836	-6.8	-2.4
2837	-6.7	-2.5
2838	-6.7	-2.6
2839	-6.7	-2.7
2840	-6.6	-2.8
2841	-6.6	-2.9
2842	-6.7	-2.9
2843	-5.3	-3.1
2844	-5.3	-3.2
2845	-0.2	9.2
2846	-1.3	8.3
2847	-2	7.5
2848	7.3	-11.3
2849	7.6	-11.5
2850	7.7	-11.6
2851	7.8	-11.6
2852	7.9	-11.7
2853	8	-11.7
2854	8.1	-11.7
2855	8.1	-11.8
2856	8.2	-11.8
2857	8.3	-11.8
2858	8.3	-11.9
2859	8.4	-11.9
2860	8.5	-11.9
2861	8.7	-11.9
2862	8.8	-11.9
2863	8.9	-12
2864	9	-12
2865	6.9	-11.6
2866	6.9	-11.5
2867	7	-11.2
2868	6.9	-11.1
2869	6.9	-11
2870	6.9	-10.9
2871	6.9	-10.8
2872	6.8	-10.7
2873	6.9	-10.7
2874	6.9	-10.6
2875	6.9	-10.5
2876	7	-10.5
2877	7.1	-10.4
2878	7.2	-10.2
2879	7.2	-10.1
2880	7.3	-10
2881	7.2	-9.9
2882	7.3	-9.9
2883	7.3	-9.8
2884	7.3	-9.7
2885	7.4	-9.7
2886	7.4	-9.6
2887	7.4	-9.5
2888	7.4	-9.4
2889	7.5	-9.4
2890	7.5	-9.3
2891	7.8	-8.8
2892	7.9	-8.7
2893	8	-8.7
2894	8.1	-8.6
2895	8.1	-8.5
2896	8.2	-8.4
2897	8.2	-8.3
2898	8.2	-8.2
2899	8.2	-8.1
2900	8.3	-8.1
2901	8.3	-8
2902	8.4	-8
2903	8.4	-7.9
2904	8.5	-7.8
2905	8.5	-7.7
2906	8.6	-7.6
2907	8.6	-7.5
2908	8.7	-7.5
2909	8.7	-7.4
2910	1.9	11.1
2911	1.8	11.7
2912	1.9	11.6
2913	2.1	11.4
2914	2	11.4
2915	1.9	11.5
2916	2	11.5
2917	2.1	11.5
2918	1.9	11.4
2919	1.9	11.2
2920	1.9	11.3
2921	1.8	11.2
2922	1.8	11.1
2923	1.8	11.4
2924	1.7	11.5
2925	1.8	11.5
2926	2	11.3
2927	2.1	11.6
2928	2	11.6
2929	1.8	11.6
2930	1.7	11.6
2931	1.6	11.5
2932	1.6	11.6
2933	1.5	11.6
2934	2	11.2
2935	2.1	11.3
2936	2	11.7
2937	8.3	-7.9
2938	8.3	-7.8
2939	8.2	-7.8
2940	8.2	-7.7
2941	8.1	-7.6
2942	8.1	-7.5
2943	8	-7.5
2944	8	-7.4
2945	8.1	-7.3
2946	8.2	-7.3
2947	8.3	-7.3
2948	8.4	-7.3
2949	8.4	-7.2
2950	8.5	-7.2
2951	5.4	-6
2952	5.5	-6
2953	5.6	-6
2954	5.7	-6
2955	5.8	-6
2956	5.9	-6
2957	5.9	-6.1
2958	6	-6.1
2959	6	-6
2960	6.1	-6
2961	6.2	-6
2962	6.3	-6
2963	6.4	-6.1
2964	6.4	-6.2
2965	6.4	-6.3
2966	6.5	-6.3
2967	6.5	-6.4
2968	6.6	-6.4
2969	6.6	-6.5
2970	6.7	-6.6
2971	6.8	-6.6
2972	6.8	-6.7
2973	6.9	-6.7
2974	7	-6.7
2975	7	-6.8
2976	7.1	-6.8
2977	7.1	-6.9
2978	7.2	-6.9
2979	7.1	-7
2980	7.2	-7
2981	7.3	-7
2982	7.4	-7
2983	7.5	-7
2984	7.6	-7.1
2985	7.7	-7.2
2986	7.7	-7.1
2987	7.8	-7.1
2988	7.9	-7.1
2989	7.9	-7.2
2990	8	-7.2
2991	8	-7.1
2992	7.2	-6.4
2993	7.3	-6.4
2994	7.3	-6.5
2995	7.4	-6.5
2996	7.4	-6.6
2997	7.5	-6.6
2998	7.5	-6.7
2999	7.5	-6.8
3000	7.5	-6.9
3001	7.7	-6.4
3002	7.6	-6.4
3003	7.5	-6.4
3004	7.4	-6.4
3005	8	-7
3006	8.1	-7
3007	9.3	-9.2
3008	8.8	-9.2
3009	8.9	-7.6
3010	8.8	-7.7
3011	8.8	-7.8
3012	8.8	-7.9
3013	8.8	-8
3014	8.7	-8.1
3015	8.7	-8.2
3016	8.7	-8.3
3017	8.7	-8.4
3018	8.8	-9.1
3019	8.7	-8.5
3020	8.7	-8.6
3021	8.7	-8.7
3022	8.7	-8.8
3023	8.8	-8.9
3024	8.8	-9
3025	8.4	-9.1
3026	8.4	-9.2
3027	8.4	-8.9
3028	8.4	-9
3029	9.1	-12.6
3030	8.5	-9.3
3031	8.6	-9.3
3032	8.7	-9.3
3033	-6.7	4.2
3034	-6.6	4.2
3035	-6.6	4.1
3036	-6.5	4.1
3037	-6.5	4
3038	-6.5	3.9
3039	-6.4	3.5
3040	-6.3	3.5
3041	-6.2	3.5
3042	-6.1	3.4
3043	-6	3.4
3044	-6	3.5
3045	-6.1	3.5
3046	-6.2	3.6
3047	-6.3	3.6
3048	-6.4	3.6
3049	-5.9	3.5
3050	-5.9	3.4
3051	-5.7	3.3
3052	-5.8	3.3
3053	-5.8	3.4
3054	-5.5	3.2
3055	-5.4	3.2
3056	-5.3	3.2
3057	-5.2	3.2
3058	-5	3.2
3059	-4.1	5.9
3060	-4.2	5.9
3061	5.8	-10.4
3062	5.8	-10.3
3063	5.8	-10.2
3064	5.9	-10.2
3065	5.9	-10
3066	5.9	-9.9
3067	5.9	-9.8
3068	5.9	-9.7
3069	5.9	-9.6
3070	5.9	-9.5
3071	6	-9.5
3072	6	-9.4
3073	5.3	-12.1
3074	5.3	-12.2
3075	5.2	-12.2
3076	5.2	-12.3
3077	5.3	-12.3
3078	5.3	-12.4
3079	5.4	-12.4
3080	5.4	-12.5
3081	5.4	-12.6
3082	5.5	-12.6
3083	5.5	-12.7
3084	4	-9.5
3085	-7.6	3.4
3086	-7.5	3.4
3087	-7.5	3.3
3088	-7.5	3.2
3089	-7.4	3.2
3090	-7.4	3.1
3091	-7.3	3.1
3092	-7.3	3
3093	-7.2	3
3094	-7.2	2.9
3095	-7.1	2.9
3096	-7.1	2.8
3097	-7.1	2.7
3098	-7	2.7
3099	-5.3	3.7
3100	-5.3	3.6
3101	-5.3	3.5
3102	-5.4	3.5
3103	-5.4	3.6
3104	-5.5	3.5
3105	-5.5	3.4
3106	-5.6	3.4
3107	-5.2	3.7
3108	-4.4	4.8
3109	-4.4	4.7
3110	-4.5	4.7
3111	-4.6	4.6
3112	-4.6	4.5
3113	-4.7	4.5
3114	-4.7	4.4
3115	-4.7	4.3
3116	-4.7	4.2
3117	-4.8	4.2
3118	-4.8	4.3
3119	-4.9	4.3
3120	-5	4.3
3121	-5	4.2
3122	-5.1	4.3
3123	-5.1	4.2
3124	-5.2	4.2
3125	-5.2	4.1
3126	-5.2	4
3127	-5.2	3.9
3128	-5.2	3.8
3129	-4.7	5.3
3130	-1.8	1.6
3131	-7.6	3.3
3132	-8.4	3.5
3133	-8.3	3.5
3134	-8.4	3.6
3135	-10.1	-5.9
3136	-10.1	-5.8
3137	-10	-5.8
3138	-10	-5.7
3139	-10	-5.6
3140	-10	-5.5
3141	-9.9	-5.5
3142	-9.9	-5.4
3143	-9.9	-5.3
3144	-9.9	-5.2
3145	-9.9	-5.1
3146	-9.9	-5
3147	-10	-5
3148	-10	-4.9
3149	-10	-4.8
3150	-9.9	-4.8
3151	-9.9	-4.7
3152	-9.9	-4.6
3153	-9.9	-4.5
3154	-9.9	-4.4
3155	-9.9	-4.3
3156	-10	-4.2
3157	-10	-4.1
3158	-9.7	-6
3159	-9.7	-5.9
3160	-9.6	-5.9
3161	-9.6	-5.8
3162	-9.5	-5.8
3163	-9.5	-5.7
3164	-9.4	-5.7
3165	-9.4	-5.6
3166	-9.3	-5.6
3167	-9.3	-5.5
3168	-9.2	-5.4
3169	-9.2	-5.3
3170	-9.1	-5.3
3171	-9	-5.2
3172	-8.9	-5.2
3173	-8.9	-5.1
3174	-8.8	-5.1
3175	-8.7	-5.1
3176	-8.7	-5
3177	-8.6	-5
3178	-8.6	-4.9
3179	-8.6	-4.8
3180	-8.5	-4.8
3181	-8.5	-4.7
3182	-8.4	-4.7
3183	-8.4	-4.6
3184	-8.3	-4.6
3185	-8.3	-4.5
3186	-8.2	-4.5
3187	-8.2	-4.4
3188	-8.1	-4.3
3189	-8.1	-4.2
3190	-8	-4.2
3191	-8	-4.1
3192	-7.9	-4.1
3193	-7.9	-4
3194	-7.9	-3.9
3195	-7.8	-3.9
3196	-7.8	-3.8
3197	-7.8	-3.7
3198	-7.8	-3.6
3199	-7.7	-3.6
3200	-7.6	-3.6
3201	-7.5	-3.6
3202	-7.3	-3.5
3203	-7.2	-3.5
3204	-7.2	-3.4
3205	-7.1	-3.4
3206	-7.1	-3.3
3207	-7	-3.3
3208	-6.9	-3.2
3209	-6.9	-3.1
3210	-6.8	-3
3211	-6.5	-2.8
3212	-6.4	-2.8
3213	-6.4	-2.9
3214	-6.3	-2.9
3215	-6.2	-2.9
3216	-6.1	-2.9
3217	-6	-2.9
3218	-6	-3
3219	-5.9	-3
3220	-5.8	-3
3221	-5.7	-3
3222	-5.7	-3.1
3223	-5.6	-3.1
3224	-5.5	-3.1
3225	-5.5	-3.2
3226	-5.4	-3.1
3227	-5.2	-3.2
3228	-5.1	-3.2
3229	-5	-3.2
3230	-4.9	-3.2
3231	-4.8	-3.2
3232	-4.8	-3.3
3233	-4.7	-3.3
3234	-4.6	-3.3
3235	-4.5	-3.3
3236	-4.5	-3.4
3237	-4.4	-3.4
3238	-4.3	-3.4
3239	-4.3	-3.5
3240	-4.2	-3.5
3241	-4.1	-3.5
3242	-4	-3.5
3243	-3.8	-3.5
3244	-3.7	-3.5
3245	-3.4	-3.4
3246	-2.5	-0.5
3247	-3.7	-3.6
3248	-3.6	-3.6
3249	-3.4	-3.6
3250	-3.4	-3.7
3251	-3.3	-3.7
3252	-3.2	-3.7
3253	-3.2	-3.8
3254	-3.1	-3.8
3255	-3	-3.8
3256	-3	-3.9
3257	-2.9	-3.9
3258	-2.8	-3.9
3259	-2.8	-4
3260	-2.7	-4
3261	-2.6	-4
3262	-2.6	-4.1
3263	-2.5	-4.1
3264	-2.4	-4.1
3265	-2.3	-4.2
3266	-2.2	-4.3
3267	-2.1	-4.3
3268	-2	-4.3
3269	-1.9	-4.3
3270	-1.8	-4.3
3271	-1.7	-4.3
3272	-1.7	-4.2
3273	-1.6	-4.2
3274	-1.5	-4.2
3275	-1.4	-4.2
3276	-1.3	-4.2
3277	-1.2	-4.2
3278	-1.2	-4.1
3279	-1.1	-4.1
3280	-1.1	-4
3281	-1	-4
3282	-0.9	-3.9
3283	-0.9	-3.8
3284	-1	-3.9
3285	-0.8	-3.8
3286	-0.9	-3.7
3287	-0.8	-3.7
3288	-0.7	-3.7
3289	-0.7	-3.8
3290	-0.6	-3.8
3291	-0.5	-3.8
3292	-0.5	-3.9
3293	-0.4	-3.9
3294	-0.4	-4
3295	-0.3	-4
3296	-0.3	-3.9
3297	-0.2	-3.9
3298	-0.1	-3.9
3299	0	-3.9
3300	0.1	-3.8
3301	0.2	-3.8
3302	0.3	-3.8
3303	0.4	-3.8
3304	0.5	-3.8
3305	0.6	-3.8
3306	0.6	-3.9
3307	0.7	-3.9
3308	0.8	-3.9
3309	0.8	-3.8
3310	0.9	-3.8
3311	0.8	-3.7
3312	0.8	-3.6
3313	0.8	-3.5
3314	0.8	-3.4
3315	0.8	-3.3
3316	0.8	-3.2
3317	0.9	-3.2
3318	0.9	-3.1
3319	0.9	-3
3320	0.9	-2.9
3321	0.9	-2.8
3322	0.9	-2.7
3323	0.8	-2.7
3324	0.7	-2.7
3325	0.7	-2.6
3326	0.6	-2.6
3327	0.6	-2.5
3328	0.5	-2.5
3329	0.4	-2.5
3330	0.4	-2.4
3331	0.3	-2.4
3332	0.3	-2.3
3333	0.2	-2.2
3334	0.2	-2.1
3335	0.1	-2.1
3336	0.1	-2
3337	0	-2
3338	0	-1.9
3339	0	-1.7
3340	0.2	-1.7
3341	-7.4	3.5
3342	-7.5	3.6
3343	-7.4	3.6
3344	-6.8	3.6
3345	-6.7	3.6
3346	-5.8	4.7
3347	-6.1	4.7
3348	-6	4.7
3349	-5.9	4.7
3350	-6.3	4.6
3351	-6.2	4.6
3352	-6.2	4.7
3353	-6.4	4.6
3354	-6.4	4.5
3355	-6.5	4.5
3356	-6.5	4.4
3357	-6.6	4.4
3358	-6.7	4.4
3359	-7.3	3.6
3360	-7.2	3.8
3361	-7.2	4.1
3362	-7.2	4
3363	-7.2	4.2
3364	-7.2	3.9
3365	7.1	8.2
3366	7.1	8.3
3367	7.1	8.4
3368	7.1	8.5
3369	7.2	8.5
3370	7.1	8.6
3371	7.1	8.7
3372	7	8.7
3373	7	8.8
3374	6.9	8.8
3375	6.8	8.8
3376	6.7	8.8
3377	6.7	8.9
3378	6.6	8.9
3379	6.5	8.8
3380	6.5	8.9
3381	6.4	8.9
3382	6.3	8.9
3383	6.3	9
3384	6.2	9
3385	6.2	9.1
3386	6.1	9.2
3387	6.1	9.3
3388	6	9.3
3389	5.9	9.3
3390	5.8	9.3
3391	5.8	9.4
3392	5.7	9.4
3393	5.6	9.5
3394	5.5	9.6
3395	5.5	9.7
3396	5.4	9.7
3397	5.4	9.8
3398	5.4	9.9
3399	5.4	10
3400	5.3	10
3401	5.3	10.1
3402	5.2	10.1
3403	5.1	10.1
3404	5	10.1
3405	4.9	10.1
3406	4.8	10.1
3407	4.7	10.1
3408	4.6	10.1
3409	4.5	10.1
3410	4.4	10.2
3411	4.2	10.2
3412	4.1	10.2
3413	4.1	10.1
3414	3.2	15.9
3415	3.2	15.8
3416	3.1	15.9
3417	3.1	16
3418	3.2	16
3419	3.2	16.1
3420	3.3	16.1
3421	3.2	16.2
3422	3.1	16.1
3423	3	16.1
3424	3	16
3425	2.9	15.9
3426	3	16.3
3427	3.1	16.3
3428	3.1	16.2
3429	3.2	-16.5
3430	3.2	16.4
3431	3.2	16.3
3432	4	10.4
3433	3.9	10.4
3434	3.9	10.5
3435	3.8	10.5
3436	-5	3.3
3437	-5	3.4
3438	-4.8	5.5
3439	-4.8	5.3
3440	0.7	-8
3441	0.8	-8
3442	0.8	-8.1
3443	0.8	-8.2
3444	0.9	-8.2
3445	0.9	-8.3
3446	1	-8.3
3447	1	-8.4
3448	1.1	-8.4
3449	1.1	-8.5
3450	-0.1	-7.3
3451	-0.2	-7.3
3452	-0.3	-7.2
3453	-0.3	-7.1
3454	-0.4	-7
3455	-0.4	-6.9
3456	-0.5	-6.8
3457	-0.5	-6.7
3458	-0.5	-6.6
3459	-0.6	-6.5
3460	-0.6	-6.4
3461	-0.6	-6.3
3462	-0.7	-6.2
3463	-0.7	-6.1
3464	-0.8	-6
3465	-0.8	-5.9
3466	-0.9	-5.5
3467	-0.9	-5.4
3468	-0.9	-5.3
3469	-1	-5.3
3470	-1	-5.2
3471	-1	-5.1
3472	-1.1	-5
3473	-1	-5
3474	-1	-4.9
3475	-1	-4.8
3476	-0.9	-4.7
3477	-0.9	-4.6
3478	-0.9	-4.4
3479	-0.8	-4.3
3480	-0.8	-4.2
3481	-0.8	-4
3482	-0.7	-3.9
3483	-0.7	-3.6
3484	-0.6	-3.6
3485	-0.6	-3.5
3486	-0.6	-3.4
3487	-0.5	-3.4
3488	-0.5	-3.2
3489	-0.4	-3.1
3490	-0.4	-3
3491	-0.3	-3
3492	-0.3	-2.9
3493	-0.2	-2.9
3494	-0.2	-2.8
3495	-0.2	-2.7
3496	-0.1	-2.6
3497	-0.2	-2.6
3498	-0.2	-2.5
3499	-0.2	-2.4
3500	-0.1	-2.4
3501	-0.1	-2.3
3502	-0.1	-2.2
3503	-0.1	-2.1
3504	-0.1	-2
3505	-0.1	-1.9
3506	0	-1.8
3507	-7.9	3.6
3508	-7.8	3.6
3509	-7.8	3.5
3510	-7.9	3.5
3511	-7.7	3.6
3512	-5.2	7.5
3513	-5.2	7.6
3514	-5.3	7.7
3515	-5.3	7.8
3516	-5.1	7.5
3517	-4.7	6.6
3518	-4.7	6.7
3519	-4.8	6.8
3520	-4.8	6.9
3521	-4.9	7
3522	-4.9	7.1
3523	-5	7.2
3524	-5	7.3
3525	-5	7.4
3526	-5.1	7.4
3527	6.7	-13.6
3528	6.6	-13.6
3529	6.5	-13.6
3530	6.5	-13.7
3531	6.4	-13.7
3532	6.3	-13.7
3533	6.3	-13.6
3534	6.2	-13.6
3535	6.1	-13.6
3536	6.1	-13.7
3537	6	-13.7
3538	5.9	-13.8
3539	5.8	-13.7
3540	5.7	-13.7
3541	5.7	-13.6
3542	5.6	-13.6
3543	5.6	-13.5
3544	5.6	-13.4
3545	5.7	-13.1
3546	5.9	-13.3
3547	6	-13.3
3548	6	-13.4
3549	6.1	-13.5
3550	6.2	-13.5
3551	6.9	-13.5
3552	6.5	-13.3
3553	6.4	-13.3
3554	6.4	-13.4
3555	6.5	-13.4
3556	6.5	-13.5
3557	6.4	-13.5
3558	6.4	-13.6
3559	-2.4	1.2
3560	-2.4	0.7
3561	-2.3	0.7
3562	-1.8	2.6
3563	-1.8	2.5
3564	-1.7	2.5
3565	-1.6	2.5
3566	-1.6	2.4
3567	-1.5	2.4
3568	-1.4	2.4
3569	-1.3	2.4
3570	-1.2	2.4
3571	-1.5	2.5
3572	-8	3.2
3573	-8.1	3.2
3574	-4.9	4.8
3575	6.3	-10.8
3576	6.4	-10.8
3577	6.6	-10.9
3578	6.7	-10.9
3579	6.7	-11
3580	6.8	-11
3581	-0.1	3.6
3582	-0.2	3.6
3583	-0.3	3.6
3584	-0.4	3.7
3585	-0.5	3.8
3586	-0.5	3.9
3587	-0.5	4
3588	-0.6	4
3589	-0.6	4.1
3590	-0.7	4.1
3591	-0.7	4.2
3592	-0.8	4.2
3593	-0.8	4.3
3594	-0.9	4.3
3595	-1	4.4
3596	-1.1	4.4
3597	-1.2	4.4
3598	-1.3	4.4
3599	-1.4	4.5
3600	-1.7	4.5
3601	-1.8	4.5
3602	-1.9	4.6
3603	-2	4.6
3604	-2.2	4.6
3605	-2.3	4.6
3606	-2.4	4.7
3607	-2.6	4.7
3608	-2.7	4.7
3609	-2.8	4.7
3610	-2.9	4.7
3611	-3	4.8
3612	-3.1	4.8
3613	-3.2	4.8
3614	-3.3	4.8
3615	-3.3	4.9
3616	-3.4	5
3617	-3.5	5
3618	-3.6	5.1
3619	5.4	-14.1
3620	5.4	-14
3621	5.5	-14
3622	5.5	-13.9
3623	5.6	-13.9
3624	5.7	-13.9
3625	5.8	-13.9
3626	5.8	-13.8
3627	6	-13.8
3628	6	-13.9
3629	6.1	-13.9
3630	6.2	-13.9
3631	6.2	-13.8
3632	6.3	-13.8
3633	-3.9	4.9
3634	-1.2	8.5
3635	-1.1	8.5
3636	6	-13.5
3637	5.9	-13.5
3638	5.8	-13.5
3639	6.6	-13.4
3640	6.6	-13.5
3641	-3.2	4.7
3642	-3.2	4.6
3643	-3.2	4.5
3644	-3.1	4.5
3645	-2.3	3.3
3646	-2.4	3.6
3647	-2.5	3.7
3648	-2.6	3.8
3649	-2.6	3.9
3650	-2.8	4.2
3651	-2.9	4.3
3652	-3	4.4
3653	-2.1	2.9
3654	-2.1	3
3655	-2.2	3
3656	-2.2	3.1
3657	7	-13.5
3658	7	-13.4
3659	7.1	-13.4
3660	7.3	-13.6
3661	7.2	-13.6
3662	7.2	-13.5
3663	6.8	-13.2
3664	6.8	-13.1
3665	6.9	-13.2
3666	6.9	-13.3
3667	6.9	-13.4
3668	7.1	-13.5
3669	7.3	-13.5
3670	7.4	-13.5
3671	7.5	-13.5
3672	7.6	-13.5
3673	7.6	-13.6
3674	7.7	-13.6
3675	7.7	-13.7
3676	7.8	-13.6
3677	7.9	-13.6
3678	7.9	-13.7
3679	7.9	-13.8
3680	7.9	-13.9
3681	7.9	-14
3682	7.8	-14
3683	6.4	-13.8
3684	6.5	-13.8
3685	6.5	-14.7
3686	6.6	-14.6
3687	6.6	-14.5
3688	6.6	-14.4
3689	6.7	-14.4
3690	6.7	-14.9
3691	6.6	-14.8
3692	6.5	-14.8
3693	7.3	-14.5
3694	7.3	-14.6
3695	7.3	-14.7
3696	7.3	-14.8
3697	7.2	-14.8
3698	7.2	-14.9
3699	7.1	-14.9
3700	7	-14.9
3701	7	-15
3702	6.9	-15
3703	6.9	-14.9
3704	6.8	-14.9
3705	6.9	-13.7
3706	7	-13.7
3707	7	-13.8
3708	7.1	-13.9
3709	7.1	-14
3710	7.2	-14
3711	7.2	-14.1
3712	7.3	-14.2
3713	7.3	-14.3
3714	7.3	-14.4
3715	6.6	-14.3
3716	6.6	-14.2
3717	6.5	-14.2
3718	6.5	-14.1
3719	6.5	-14
3720	6.5	-13.9
3721	6.4	-13.9
3722	-3.9	5.7
3723	5.9	-12.8
3724	5.9	-12.7
3725	6	-12.7
3726	6.1	-12.7
3727	6.1	-12.6
3728	6.2	-12.6
3729	6.3	-12.6
3730	6.4	-12.6
3731	6.5	-12.6
3732	6.6	-12.6
3733	6.7	-12.6
3734	5.9	-12.9
3735	6	-12.8
3736	7	-12.6
3737	7	-12.7
3738	6.9	-12.7
3739	7	-12.8
3740	6.9	-12.8
3741	6.9	-12.9
3742	6.9	-13
3743	6.8	-13
3744	6.9	-13.1
3745	-4.1	5.7
3746	-4.1	6
3747	-4.1	6.1
3748	-4.1	6.2
3749	-4.1	6.3
3750	-4	6.3
3751	-4	6.4
3752	-4	6.5
3753	-4	6.6
3754	-4	6.7
3755	-4	6.8
3756	-4	6.9
3757	-3.9	7
3758	-3.9	7.1
3759	-3.9	7.2
3760	-3.9	7.3
3761	-3.9	7.4
3762	-3.9	7.5
3763	-3.9	7.6
3764	-3.8	7.6
3765	-3.8	7.7
3766	-3.9	7.7
3767	-3.9	7.8
3768	-3.8	8
3769	-3.8	8.2
3770	-3.8	8.3
3771	-3.8	8.4
3772	-3.8	8.5
3773	-3.8	8.6
3774	-3.8	8.7
3775	-3.7	8.8
3776	-3.7	8.9
3777	-3.7	9
3778	-3.7	9.1
3779	-3.7	9.2
3780	-3.6	9.3
3781	-3.6	9.4
3782	-3.6	9.5
3783	-3.6	9.6
3784	-3.6	9.7
3785	-3.6	9.8
3786	-3.7	9.8
3787	-3.7	9.9
3788	-3.7	10
3789	-3.8	10
3790	-3.8	10.1
3791	-3.8	10.2
3792	-3.7	10.3
3793	-2.9	11.1
3794	-2.9	11.2
3795	-2.8	11.2
3796	-2.7	11.3
3797	-2.6	11.3
3798	-2.5	11.4
3799	-2.4	11.5
3800	-2.4	11.6
3801	-2.4	11.7
3802	-2.4	11.8
3803	-2.4	11.9
3804	-2.3	11.9
3805	-2.3	12
3806	-2.2	12
3807	-2.2	12.1
3808	-2.1	12.1
3809	-2	12.1
3810	-2	12.2
3811	-1.9	12.2
3812	-1.8	12.2
3813	-1.8	12.3
3814	-1.7	12.3
3815	-1.6	12.3
3816	-1.6	12.4
3817	-1.5	12.4
3818	-1.4	12.4
3819	-1.4	12.5
3820	-1.3	12.5
3821	-1.2	12.5
3822	-1.2	12.6
3823	-1.1	12.6
3824	-1.1	12.7
3825	-1	12.7
3826	-1	12.8
3827	-0.9	12.8
3828	-0.9	12.9
3829	-0.8	12.9
3830	-0.8	13
3831	-0.7	13
3832	-0.7	13.1
3833	-0.6	13.1
3834	-0.6	13.2
3835	-0.5	13.2
3836	-0.5	13.3
3837	-0.4	13.3
3838	-0.5	13.4
3839	-0.4	13.4
3840	-0.5	13.5
3841	-0.4	13.5
3842	-0.4	13.6
3843	-0.3	13.6
3844	-0.3	13.7
3845	-0.2	13.7
3846	-0.2	13.8
3847	-0.2	13.9
3848	-0.1	13.9
3849	7.1	-12.6
3850	7.2	-12.6
3851	7.9	-12.6
3852	8	-12.6
3853	8	-12.7
3854	8.1	-12.6
3855	8.1	-12.7
3856	8.1	-12.8
3857	8.2	-12.8
3858	8.2	-12.9
3859	8.2	-13
3860	8.1	-13
3861	8.1	-13.1
3862	8	-13.1
3863	8	-13.2
3864	7.9	-13.1
3865	7.9	-13.2
3866	7.8	-13.2
3867	7.7	-13.2
3868	7.7	-13.3
3869	7.6	-13.3
3870	7.6	-13.2
3871	7.5	-13.2
3872	7.5	-13.3
3873	7.4	-13.3
3874	7.3	-13.3
3875	7.3	-13.4
3876	7.2	-13.4
3877	7.3	-12.6
3878	7.3	-12.5
3879	7.4	-12.6
3880	7.5	-12.6
3881	7.5	-12.7
3882	7.6	-12.7
3883	7.6	-12.6
3884	7.7	-12.6
3885	7.8	-12.6
3886	6.5	-13.1
3887	6.5	-13
3888	6.5	-12.5
3889	6.5	-12.4
3890	6.5	-12.3
3891	6.4	-12.3
3892	6.3	-12.3
3893	2.2	11.1
3894	2.3	11.1
3895	8.3	-12.9
3896	8.4	-12.8
3897	8.5	-12.8
3898	8.5	-12.7
3899	8.6	-12.7
3900	8.6	-12.6
3901	8.7	-12.6
3902	8.7	-12.2
3903	8.6	-12.2
3904	8.6	-12.3
3905	8.5	-12.3
3906	8.5	-12.4
3907	8.5	-12.5
3908	8.4	-12.5
3909	8.3	-12.5
3910	8.2	-12.5
3911	8.1	-12.5
3912	8.1	-12.4
3913	8	-12.4
3914	8	-12.3
3915	7.9	-12.3
3916	7.9	-12.4
3917	7.9	-12.5
3918	8	-12.5
3919	5.3	7.9
3920	5.3	8
3921	5.2	8
3922	5.1	8
3923	5	8.1
3924	4.9	8.1
3925	4.9	8.2
3926	4.8	8.2
3927	4.7	8.2
3928	4.7	8.3
3929	4.6	8.3
3930	4.6	8.4
3931	4.5	8.4
3932	4.5	8.5
3933	4.4	8.5
3934	4.3	8.5
3935	4.2	8.5
3936	4.1	8.5
3937	4.1	8.6
3938	4	8.6
3939	3.9	8.6
3940	3.8	8.6
3941	3.7	8.6
3942	3.6	8.7
3943	3.5	8.7
3944	2.4	10.6
3945	2.4	10.7
3946	2.4	10.8
3947	2.3	10.8
3948	2.3	10.9
3949	2.3	11
3950	-0.5	4.1
3951	-0.4	4.1
3952	-0.3	4.1
3953	-0.2	4.1
3954	-0.1	4.1
3955	-0.1	4.2
3956	0	4.2
3957	0	4.3
3958	0	4.4
3959	0.1	4.5
3960	0.1	4.6
3961	0.1	4.7
3962	0.1	4.8
3963	0.2	4.9
3964	0.2	5
3965	0.3	5
3966	0.3	5.1
3967	0.2	5.1
3968	0.2	5.2
3969	0.2	5.3
3970	0.3	5.3
3971	0.3	5.4
3972	0.2	5.4
3973	0.2	5.5
3974	0.2	5.6
3975	0.3	5.6
3976	0.3	5.7
3977	0.3	5.9
3978	0.4	6.1
3979	0.4	6.2
3980	0.3	6.2
3981	0.4	6.3
3982	0.5	6.4
3983	0.5	6.5
3984	0.5	6.6
3985	0.5	6.7
3986	0.6	6.8
3987	0.6	6.9
3988	0.5	6.9
3989	0.5	7
3990	0.5	7.1
3991	0.5	7.2
3992	0.4	7.2
3993	0.4	7.3
3994	0.5	7.3
3995	0.5	7.4
3996	0.5	7.5
3997	0.6	7.5
3998	0.6	7.6
3999	0.6	7.7
4000	0.6	7.8
4001	0.6	7.9
4002	0.6	8
4003	0.7	8.1
4004	0.7	8.2
4005	0.8	8.3
4006	0.8	8.4
4007	0.9	8.4
4008	0.9	8.5
4009	0.9	8.6
4010	0.9	8.7
4011	1	8.8
4012	-4	5.7
4013	-4.2	5.8
4014	-4.1	5.8
4015	-4.5	6.2
4016	-4.5	6.3
4017	-4.6	6.4
4018	3.8	3.1
4019	3.7	3.1
4020	3.7	3.2
4021	3.9	3.1
4022	3.4	11.6
4023	3.4	11.5
4024	3.4	11.4
4025	-5.2	-6.7
4026	7	-12.5
4027	6.8	-11.8
4028	6.8	-11.9
4029	6.9	-11.9
4030	6.9	-12
4031	6.9	-12.1
4032	6.9	-12.2
4033	6.9	-12.3
4034	6.9	-12.4
4035	7	-12.4
4036	7.1	-12.4
4037	7.2	-12.4
4038	7.2	-12.3
4039	7.2	-12.2
4040	7.3	-12.2
4041	7.3	-12.1
4042	7.4	-12.1
4043	7.5	-12.1
4044	7.1	-12.5
4045	7.5	-12
4046	7.4	-11.9
4047	7.4	-11.8
4048	7.4	-11.7
4049	7.3	-11.7
4050	7.3	-11.6
4051	7.3	-11.5
4052	7.2	-11.5
4053	7.1	-12.8
4054	7.1	-12.7
4055	2.8	2.7
4056	2.8	2.5
4057	2.7	2.5
4058	2.7	2.3
4059	2.7	2.2
4060	2.7	2
4061	2.7	1.9
4062	3.1	2.6
4063	2.7	1.8
4064	2.7	1.7
4065	2.7	1.5
4066	2.7	1.4
4067	2.7	1.3
4068	2.7	1.2
4069	2.7	1.1
4070	2.7	1
4071	2.8	1
4072	2.8	0.9
4073	2.9	0.9
4074	3	0.8
4075	3	0.7
4076	3.1	0.7
4077	3.1	0.6
4078	3.1	0.5
4079	3.2	0.5
4080	3.2	0.4
4081	3.3	0.4
4082	3.4	0.3
4083	3.5	0.3
4084	3.6	0.3
4085	0.2	1.9
4086	0.3	1.9
4087	0.4	1.8
4088	0.5	1.8
4089	0.5	1.7
4090	0.6	1.7
4091	0.6	1.6
4092	0.7	1.6
4093	0.8	1.5
4094	0.9	1.5
4095	1	1.4
4096	1.1	1.4
4097	1.1	1.3
4098	1.2	1.3
4099	1.3	1.2
4100	1.5	1.1
4101	1.5	1
4102	1.6	1
4103	1.7	0.9
4104	1.8	0.9
4105	1.8	0.8
4106	1.9	0.8
4107	2	0.8
4108	2	0.7
4109	2.1	0.7
4110	2.1	0.6
4111	2.2	0.6
4112	2.3	0.6
4113	2.3	0.5
4114	2.4	0.5
4115	2.5	0.5
4116	2.6	0.5
4117	2.7	0.5
4118	2.8	0.4
4119	2.9	0.4
4120	2.9	0.3
4121	3	0.3
4122	3	0.2
4123	3.1	0.1
4124	3.1	0
4125	3.1	-0.1
4126	3.2	-0.1
4127	3.2	-0.2
4128	3.3	-0.2
4129	3.3	-0.3
4130	3.4	-0.3
4131	3.5	-0.3
4132	0.3	-1.4
4133	0.3	-1.3
4134	0.4	-1.3
4135	0.5	-1.3
4136	0.5	-1.2
4137	0.6	-1.2
4138	0.7	-1.2
4139	0.8	-1.1
4140	0.9	-1.1
4141	1	-1.1
4142	1.1	-1.1
4143	1.2	-1.1
4144	1.3	-1.1
4145	1.3	-1
4146	1.4	-1
4147	1.5	-1
4148	1.5	-0.9
4149	1.7	-0.9
4150	1.8	-0.9
4151	1.9	-0.9
4152	2	-0.9
4153	2	-0.8
4154	2.2	-0.7
4155	2.3	-0.7
4156	2.5	-0.6
4157	2.6	-0.6
4158	2.7	-0.6
4159	2.7	-0.5
4160	2.8	-0.5
4161	2.9	-0.5
4162	3.2	-0.5
4163	3.3	-0.5
4164	3.4	-0.5
4165	3.5	-0.5
4166	3.5	-0.4
4167	0.4	-1.7
4168	-1.8	1.1
4169	-1.8	1
4170	-1.7	1
4171	-1.7	0.9
4172	-1.7	0.8
4173	-1.6	0.8
4174	-1.6	0.7
4175	-1.5	0.7
4176	-1.5	0.6
4177	-1.3	0.4
4178	-1.2	0.4
4179	-1.2	0.3
4180	-1.2	0.2
4181	-1.1	0.2
4182	-1.1	0.1
4183	-1	0.1
4184	-0.9	-0.1
4185	-0.9	-0.2
4186	-0.8	-0.2
4187	-0.7	-0.4
4188	-0.7	-0.5
4189	-0.7	-0.6
4190	-0.6	-0.6
4191	-0.6	-0.7
4192	-0.5	-0.8
4193	-0.5	-0.9
4194	-0.5	-1
4195	-0.4	-1
4196	-0.4	-1.1
4197	-0.4	-1.2
4198	-0.3	-1.2
4199	-0.3	-1.3
4200	6.7	-13
4201	6.8	-12.9
4202	6.8	-12.8
4203	6.7	-12.8
4204	6.6	-12.8
4205	6.5	-12.8
4206	6.4	-12.8
4207	6.4	-12.7
4208	6.2	-12.5
4209	6	-12.4
4210	6	-12.2
4211	6.1	-12.2
4212	6.6	-12.3
4213	6.7	-12.4
4214	6.7	-13.1
4215	-4.6	-6.8
4216	-4.7	-6.8
4217	-4.7	-6.7
4218	-4.7	-6.6
4219	-4.6	-6.6
4220	-4.6	-6.7
4221	-4.5	-6.8
4222	4.9	-14.1
4223	5	-14.1
4224	5	-14.2
4225	5.1	-14.2
4226	5.2	-14.2
4227	5.3	-13.7
4228	5.2	-13.7
4229	5.1	-13.7
4230	5	-13.7
4231	5	-13.8
4232	5	-13.9
4233	5	-14
4234	5.1	-14.1
4235	5.2	-14.1
4236	5.4	-14.3
4237	5.6	-14.2
4238	5.7	-14.2
4239	5.7	-14.1
4240	5.8	-14.1
4241	5.9	-14.1
4242	6	-14.1
4243	6	-14
4244	6.1	-14
4245	5.5	-13.8
4246	-4.9	-6.9
4247	-4.8	-6.9
4248	-4.6	-6.9
4249	-4.5	-6.7
4250	-4.4	-6.8
4251	-4.7	-6.5
4252	-4.8	-6.4
4253	-4.9	-6.2
4254	-4.9	-6.3
4255	-4.7	-6.4
4256	-4.9	-6.5
4257	-4.6	-6.5
4258	-4.9	-6.7
4259	-4.9	-6.6
4260	-3.9	-6.9
4261	-3.8	-6.9
4262	-3.7	-7
4263	-3.4	-7.2
4264	-3.3	-7.2
4265	-3.3	-7.3
4266	-3.2	-7.3
4267	-3.2	-7.4
4268	-3.1	-7.4
4269	-3	-7.5
4270	-2.9	-7.5
4271	-2.9	-7.6
4272	-2.8	-7.5
4273	-2.5	-7.5
4274	-2.4	-7.5
4275	-2.3	-7.6
4276	-2.2	-7.6
4277	-2.1	-7.6
4278	-2.1	-7.7
4279	-2	-7.7
4280	-1.9	-7.7
4281	-1.8	-7.7
4282	-1.7	-7.7
4283	-1.6	-7.7
4284	-1.5	-7.7
4285	-1.4	-7.6
4286	-1.4	-7.7
4287	-1.3	-7.7
4288	-1.2	-7.7
4289	-1.1	-7.7
4290	-1	-7.7
4291	-0.9	-7.7
4292	-0.8	-7.6
4293	-0.7	-7.6
4294	-0.6	-7.6
4295	-0.5	-7.5
4296	-0.4	-7.5
4297	-0.3	-7.5
4298	-0.3	-7.4
4299	0	-7.4
4300	0.1	-7.4
4301	0.2	-7.4
4302	0.2	-7.5
4303	0.3	-7.5
4304	0.3	-7.6
4305	0.4	-7.6
4306	0.4	-7.7
4307	0.5	-7.7
4308	0.5	-7.8
4309	0.9	-8
4310	1	-8
4311	1	-8.1
4312	1.1	-8
4313	1.2	-8
4314	-4.5	-6.6
4315	-4.5	-6.5
4316	-5	-6.5
4317	-8.2	3.2
4318	-7.7	3.3
4319	-7.8	3.3
4320	5.2	-12.4
4321	5.1	-12.4
4322	5.1	-12.3
4323	5	-12.3
4324	4.9	-12.4
4325	4.8	-12.4
4326	4.8	-12.3
4327	6.9	9.4
4328	6.9	9.3
4329	7	9.3
4330	4.6	-12.3
4331	4.5	-12.2
4332	4.4	-12.2
4333	4.3	-12.1
4334	4.2	-12.1
4335	4.1	-12.1
4336	4.1	-12
4337	4	-12
4338	3.9	-12
4339	3.8	-11.9
4340	3.7	-11.9
4341	3.5	-11.8
4342	3.4	-11.8
4343	3.3	-11.8
4344	3.2	-11.8
4345	3.1	-11.7
4346	3	-11.7
4347	2.9	-11.7
4348	2.8	-11.6
4349	2.8	-11.5
4350	2.7	-11.5
4351	2.7	-11.4
4352	2.6	-11.4
4353	2.6	-11.3
4354	2.5	-11.3
4355	2.4	-11.3
4356	2.3	-11.3
4357	2.3	-11.2
4358	2.3	-11.1
4359	2.2	-11.1
4360	2.2	-11
4361	2.1	-11
4362	2.1	-10.9
4363	1.6	13.8
4364	1.5	13.8
4365	2	14.4
4366	2.1	14.4
4367	1.8	14.4
4368	1.9	14.4
4369	-1.5	1.1
4370	-7.6	3.6
4371	-7.2	4.4
4372	-7.1	4.4
4373	-7.1	4.2
4374	-2.1	1.7
4375	-2.2	1.7
4376	-8.9	-8.2
4377	-9	-8.2
4378	-8.9	-8.1
4379	-9	-8.1
4380	-9	-8
4381	-9	-7.9
4382	-9.1	-7.7
4383	-9.1	-7.6
4384	-9	-7.5
4385	-9	-7.4
4386	-9	-7.3
4387	-9.1	-7.3
4388	-9.1	-7.2
4389	-9.2	-7.2
4390	-5.5	-11.1
4391	-5.5	-11
4392	-5.6	-11
4393	-5.5	-10.9
4394	-5.4	-10.9
4395	-5.4	-10.8
4396	-5.3	-10.8
4397	-5.3	-10.7
4398	-5.2	-10.7
4399	-5.2	-10.6
4400	-5.1	-10.5
4401	-5	-10.5
4402	-5	-10.4
4403	-4.9	-10.4
4404	-4.8	-10.4
4405	-4.8	-10.3
4406	-4.7	-10.3
4407	-4.7	-10.2
4408	-4.6	-10.2
4409	-4.6	-10.1
4410	-4.5	-10.1
4411	-4.5	-10
4412	-4.5	-9.9
4413	-4.5	-9.8
4414	-4.4	-9.8
4415	-4.4	-9.7
4416	-4.4	-9.6
4417	-4.4	-9.5
4418	-4.4	-9.4
4419	-4.5	-9.4
4420	-4.5	-9.3
4421	-4.5	-9.2
4422	-4.5	-9.1
4423	-4.5	-9
4424	-1.3	2.9
4425	-1.2	2.9
4426	-1.2	2.8
4427	-1.1	2.8
4428	-1.1	2.7
4429	-1	2.7
4430	-0.9	2.7
4431	-0.9	2.8
4432	-1	2.8
4433	-1.1	3.4
4434	-1.1	3.3
4435	-1.1	3.2
4436	-1.1	3.1
4437	-1.2	3.1
4438	-1.2	3
4439	-0.8	2.8
4440	-0.6	3.1
4441	-0.7	3.1
4442	-0.7	3.2
4443	-0.8	3.2
4444	-0.9	3.2
4445	-0.9	3.3
4446	-1	3.3
4447	-0.7	2.7
4448	-1	2.6
4449	-0.8	2.5
4450	-1.3	2.6
4451	-1.2	2.6
4452	-1.2	2.7
4453	-1.2	2.5
4454	-1.1	2.9
4455	-1	2.9
4456	-1.1	2.6
4457	-0.8	2.9
4458	-0.9	2.9
4459	-1	3
4460	-0.9	3
4461	-1.1	3
4462	-1.3	3.1
4463	-0.7	2.8
4464	-0.7	2.9
4465	-0.6	3
4466	-1.1	2.5
4467	-5.1	2.8
4468	-3.9	-5.3
4469	-3.8	-5.3
4470	-3.2	8.1
4471	-3.3	8
4472	-3.3	7.9
4473	-2.7	6.6
4474	-2.8	6.7
4475	-2.9	6.7
4476	-2.9	6.8
4477	-2.9	7
4478	-2.9	7.1
4479	-2.8	7.2
4480	-2.8	7.3
4481	-2.8	7.4
4482	-2.8	7.5
4483	-2.9	7.5
4484	-2.9	7.6
4485	-3	7.6
4486	-3.1	7.5
4487	-3.1	7.6
4488	-3.2	7.5
4489	-3.3	7.5
4490	-3.4	7.5
4491	-3.4	7.6
4492	-3.4	7.7
4493	-3.4	7.8
4494	-3.3	7.8
4495	-3.7	7.7
4496	-3.6	7.7
4497	-3.5	7.7
4498	-3.6	4.8
4499	-4.4	5
4500	-4.5	4.9
4501	-3.7	4.9
4502	-3.6	4.9
4503	-4.2	4.9
4504	-3.9	5.4
4505	-3.7	5
4506	-3.8	5.4
4507	-4	5.8
4508	-2.1	1.3
4509	-2.2	1.4
4510	-2.4	1.4
4511	-2.5	1.4
4512	-2.5	1.3
4513	-2.6	1.3
4514	-2.7	1.3
4515	-2.8	1.3
4516	-2.9	1.3
4517	-3.4	1.1
4518	-4	0.9
4519	-4.6	0.7
4520	-4.9	0.7
4521	-5	0.7
4522	-5.1	0.7
4523	-5.2	0.7
4524	-5.3	0.7
4525	-5.4	0.7
4526	-5.5	0.7
4527	-5.6	0.7
4528	-5.7	0.7
4529	-5.8	0.8
4530	-5.9	0.8
4531	-6	0.9
4532	-6.1	0.9
4533	-6.2	0.9
4534	-6.3	0.9
4535	-6.4	0.9
4536	-6.5	0.9
4537	-6.7	0.9
4538	-6.8	0.9
4539	-6.9	1
4540	-7	1
4541	-7.3	1.1
4542	-7.4	1.1
4543	-7.5	1.1
4544	-7.6	1.1
4545	-7.7	1.1
4546	-7.8	1
4547	-7.9	1
4548	-8	1
4549	-8.1	1
4550	-8.2	1
4551	-8.3	1
4552	-8.4	1
4553	-8.5	0.9
4554	-2.2	1.5
4555	-2.1	1.5
4556	-2.2	1.6
4557	2.1	11.1
4558	2.4	11.1
4559	3.1	10.8
4560	-4.2	6
4561	-5	-7.1
4562	-5.1	-7.1
4563	-5.1	-7.2
4564	-5.2	-7.2
4565	-5.2	-7.3
4566	-5	-6.6
4567	-5	-6.3
4568	-5.2	-6
4569	-5.3	-6
4570	-5.3	-5.9
4571	-5.4	-5.8
4572	-5.5	-5.8
4573	-5.5	-5.7
4574	-5.6	-5.7
4575	-5.6	-5.6
4576	-4.1	-6.8
4577	-4.2	-6.7
4578	-4.3	-6.7
4579	-4.4	-6.7
4580	-4.4	-6.6
4581	-4.4	-6.5
4582	-4.3	-6.5
4583	-4.3	-6.4
4584	-3.4	5.9
4585	-5	5.8
4586	-5.1	5.8
4587	-3.8	5.8
4588	-3.9	5.8
4589	-3.5	5.9
4590	-3.6	5.9
4591	-3.7	5.9
4592	-3.8	5.9
4593	-3.8	5.5
4594	-3.6	5.5
4595	-3.5	5.5
4596	-3.4	5.5
4597	-3.3	5.5
4598	-3.3	5.6
4599	-3.2	5.6
4600	-3.1	5.6
4601	-3	5.6
4602	-2.9	5.6
4603	-2.7	5.7
4604	-2.6	5.7
4605	-2.5	5.7
4606	-2.4	5.7
4607	-2.4	5.8
4608	-2.3	5.7
4609	-2.2	5.7
4610	-2.1	5.7
4611	-2.1	5.8
4612	-2	5.8
4613	-1.9	5.8
4614	-1.8	5.8
4615	-1.7	5.8
4616	-3.6	5
4617	-3.4	4.9
4618	-3.5	4.9
4619	-3.8	5.3
4620	-3.3	4.7
4621	-3.4	4.8
4622	-3.5	4.8
4623	-9.2	-7
4624	4.9	-14.2
4625	4.8	-14.2
4626	4.8	-14.3
4627	4.9	-14.3
4628	4.9	-14.4
4629	5	-14.4
4630	5	-14.5
4631	5.1	-14.5
4632	5.1	-14.4
4633	5.3	-14.5
4634	5.4	-14.5
4635	5.5	-14.4
4636	5.5	-14.3
4637	5.6	-14.3
4638	-2.5	5.6
4639	-2.5	5.5
4640	-2.6	5.3
4641	-1.7	5.9
4642	-1.6	5.8
4643	-2.2	14.5
4644	-2.1	14.4
4645	-9.5	-3.6
4646	-9.5	-3.5
4647	-9.5	-3.4
4648	-9.4	-3.4
4649	-9.4	-3.3
4650	-9.3	-3.3
4651	-9.3	-3.2
4652	-9.2	-3.2
4653	-9.2	-3.1
4654	-9.1	-3
4655	-9.1	-2.9
4656	-9	-2.9
4657	-9	-2.8
4658	-8.9	-2.8
4659	-8.9	-2.7
4660	-8.8	-2.6
4661	-1.3	8.7
4662	-1.5	8.8
4663	-1.5	8.9
4664	-1.6	8.9
4665	-1.9	9.2
4666	-1.9	9.3
4667	-2	9.4
4668	-2.1	9.6
4669	-2.1	9.7
4670	-2.2	9.7
4671	-1.2	8.7
4672	-1.2	8.8
4673	-1.2	8.9
4674	-1.2	9
4675	-1.2	9.1
4676	-1.2	9.2
4677	-1.2	9.3
4678	-1.2	9.4
4679	-1.1	9.4
4680	-1.1	9.5
4681	-1.1	9.6
4682	-1.1	9.7
4683	-1.1	9.8
4684	-1.1	9.9
4685	-1	9.9
4686	-1	10
4687	-1.1	10
4688	-1.2	10
4689	-1.2	10.1
4690	-1.3	10.1
4691	-1.4	10.1
4692	-1.5	10.1
4693	-1.5	10.2
4694	-1.6	10.2
4695	-1.6	10.3
4696	-1.7	10.3
4697	-1.8	10.3
4698	-1.9	10.3
4699	-2	10.3
4700	-1.9	10.2
4701	-2	10.2
4702	-2	10.1
4703	-2	10
4704	-2.1	10
4705	-2.1	9.9
4706	-2.1	9.8
4707	-2.9	11
4708	-2.8	11
4709	-2.8	10.9
4710	-2.4	9.8
4711	-2.3	9.8
4712	-2.6	10.3
4713	-2.6	10.2
4714	-2.5	10.1
4715	-2.4	9.9
4716	-2.7	10.8
4717	-2.7	10.7
4718	-2.7	10.6
4719	-2.6	10.6
4720	-2.6	10.5
4721	-2.7	10.9
4722	-3	11.1
4723	-1.1	8.4
4724	-1	8.4
4725	-0.9	8.4
4726	-0.8	8.4
4727	-0.8	8.3
4728	-0.7	8.4
4729	-0.6	8.4
4730	-0.6	8.3
4731	-0.5	8.4
4732	-0.4	8.4
4733	-0.3	8.4
4734	-0.2	8.4
4735	-0.1	8.4
4736	-0.1	8.5
4737	0	8.5
4738	0.1	8.5
4739	0.2	8.5
4740	0.2	8.4
4741	0.3	8.5
4742	0.4	8.4
4743	0.5	8.4
4744	0.5	8.3
4745	0.6	8.3
4746	0.6	8.2
4747	0.7	8.3
4748	1	8.9
4749	1	9
4750	0.9	9
4751	0.9	9.1
4752	0.9	9.2
4753	0.8	9.3
4754	0.8	9.4
4755	0.8	9.5
4756	0.9	9.5
4757	0.9	9.6
4758	1	9.6
4759	1	9.7
4760	1	9.8
4761	1.1	9.8
4762	1.2	9.9
4763	2.1	11.2
4764	-0.5	9.6
4765	-0.6	9.6
4766	0	9.5
4767	0.1	9.6
4768	0.2	9.6
4769	0.2	9.7
4770	0.3	9.7
4771	0.3	9.8
4772	0.3	9.9
4773	0.3	10
4774	0.4	10
4775	0.4	10.1
4776	0.5	10.1
4777	0.5	10.2
4778	0.5	10.3
4779	0.6	10.3
4780	0.7	10.3
4781	0.8	10.4
4782	0.9	10.4
4783	0.9	10.5
4784	1	10.6
4785	1	10.7
4786	1.1	10.7
4787	1.1	10.8
4788	1.2	10.8
4789	1.2	10.9
4790	1.3	10.9
4791	1.4	11
4792	1.4	11.1
4793	1.5	11.1
4794	1.5	11.2
4795	1.6	11.2
4796	1.7	11.2
4797	1.8	11.3
4798	1.9	11.7
4799	5.4	10.1
4800	5.5	10.1
4801	5.6	10.1
4802	5.6	10.2
4803	5.7	10.2
4804	5.7	10.3
4805	5.8	10.3
4806	0.4	8.5
4807	-3.4	5.3
4808	-3.5	5.2
4809	-2.7	5.3
4810	-2.8	5.3
4811	-2.9	5.3
4812	-3.1	5.3
4813	-3.2	5.3
4814	-3.2	5.2
4815	-3.3	5.2
4816	-3.4	5.2
4817	-0.6	9.5
4818	-0.7	9.4
4819	-0.7	9.3
4820	-0.8	9.2
4821	-0.8	9.1
4822	-0.9	9.1
4823	-0.9	9
4824	-0.9	8.9
4825	-1	8.8
4826	-1	8.7
4827	-1	8.5
4828	-0.5	9.5
4829	-0.5	9.4
4830	-0.5	9.3
4831	-0.4	9.3
4832	-0.4	9.2
4833	-0.3	9.2
4834	-0.1	9.1
4835	-0.1	9
4836	-0.1	8.9
4837	-0.1	8.8
4838	0	8.7
4839	0	8.6
4840	0	8.4
4841	0.1	8.3
4842	0.2	8.3
4843	0.2	8.2
4844	0.3	8.2
4845	0.3	8.1
4846	0.3	8
4847	0.4	8
4848	0.5	8
4849	0.1	4.2
4850	0	4.1
4851	0	3.8
4852	-0.1	3.7
4853	-7	-6.8
4854	-6.2	-6.8
4855	-6	-6.8
4856	-5.9	-6.8
4857	-5.9	-6.7
4858	-5.8	-6.7
4859	-7.1	-6.6
4860	-7.2	-6.6
4861	-7.2	-6.5
4862	-7.3	-6.5
4863	-7.3	-6.4
4864	-7.3	-6.3
4865	-7.4	-6.3
4866	-7.4	-6.2
4867	-7.4	-6.1
4868	-7.5	-6.1
4869	-7.5	-6
4870	-7.6	-5.9
4871	-7.7	-5.9
4872	-7.7	-5.8
4873	-7.8	-5.8
4874	-7.8	-5.7
4875	-7.5	-5.1
4876	-7.4	-5.1
4877	-7.3	-5.1
4878	-7.2	-5.1
4879	-7.4	-5
4880	-7.2	-5
4881	-7.1	-5
4882	-7	-4.9
4883	-6.9	-4.9
4884	-6.9	-4.8
4885	-6.8	-4.8
4886	-6.8	-4.7
4887	-6.7	-4.7
4888	-6.6	-4.7
4889	-6.6	-4.6
4890	-6.5	-4.6
4891	-6.5	-4.5
4892	-6.4	-4.5
4893	-6.4	-4.4
4894	-6.3	-4.4
4895	-6.3	-4.3
4896	-6.2	-4.2
4897	-6.1	-4.2
4898	-6.1	-4.1
4899	-6.1	-4
4900	-6.1	-3.9
4901	3.3	12.1
4902	3.3	12.2
4903	3.2	12.2
4904	3.4	11.2
4905	3.4	11.1
4906	3.4	11
4907	3.5	11
4908	3.6	11
4909	6.5	-12.2
4910	5.8	-11.9
4911	5.9	-11.9
4912	6	-11.9
4913	6.1	-11.9
4914	6.4	-12
4915	6	-12.1
4916	6.1	-12.1
4917	6.1	-12
4918	6	-12
4919	6.4	-13
4920	6.4	-12.9
4921	6.5	-12.9
4922	-5.1	7
4923	-5.2	7
4924	-5.3	7
4925	-0.1	9.6
4926	-0.2	9.6
4927	-0.3	9.6
4928	-0.4	9.6
4929	-5	7
4930	-5.1	7.1
4931	-5.1	7.2
4932	-5.2	7.1
4933	-5.3	7.1
4934	-5.3	7.2
4935	-5.4	7.2
4936	-5.5	7.2
4937	-5.6	7.2
4938	-5.7	7.2
4939	-5.8	7.2
4940	-5.9	7.2
4941	3.3	12
4942	3.2	12
4943	3.1	12
4944	3	12.1
4945	3.5	11.4
4946	3.4	11.3
4947	3.7	11
4948	3.7	11.1
4949	3.8	11.3
4950	3.9	11.3
4951	3.9	11.4
4952	3.8	11.2
4953	3.8	11.1
4954	-5.1	6.9
4955	-5.1	6.8
4956	-5	6.8
4957	-5	6.7
4958	-4.3	6.8
4959	-4.2	6.8
4960	-4.2	6.9
4961	-4.1	7
4962	-4.1	7.1
4963	-4.2	7.1
4964	-4.3	7.2
4965	-4.3	7.3
4966	-4.4	7.3
4967	-4.5	7.4
4968	-4.3	6.7
4969	-4.2	6.7
4970	-4.6	5.9
4971	-4.5	6.1
4972	-4.6	6.1
4973	2.9	-3.1
4974	3	-3.1
4975	3.1	-3.1
4976	3.2	-3.1
4977	3.2	-3.2
4978	3.3	-3.1
4979	1.4	-4.6
4980	1.4	-4.7
4981	1.4	-4.5
4982	1.4	-4.4
4983	1.4	-4.8
4984	1.4	-4.9
4985	1.5	-4.8
4986	1.6	-4.8
4987	1.7	-4.8
4988	1.8	-4.8
4989	1.9	-4.7
4990	2	-4.7
4991	2.1	-4.7
4992	2.3	-4.7
4993	2.5	-4.7
4994	2.6	-4.7
4995	2.7	-4.7
4996	2.8	-4.7
4997	2.9	-4.7
4998	2.9	-4.8
4999	3	-4.8
5000	3.2	-4.9
5001	3.3	-5
5002	3.4	-5.1
5003	3.5	-5.2
5004	3.6	-5.3
5005	3.8	-5.5
5006	3.9	-5.5
5007	3.9	-5.6
5008	4	-5.6
5009	4.1	-5.6
5010	4.2	-5.6
5011	4.3	-5.5
5012	4.4	-5.5
5013	4.5	-5.5
5014	4.5	-5.4
5015	4.6	-5.4
5016	4.6	-5.5
5017	4.7	-5.5
5018	4.8	-5.5
5019	4.8	-5.6
5020	4.9	-5.6
5021	4.9	-5.7
5022	5	-5.7
5023	5	-5.8
5024	5.1	-5.8
5025	5.1	-5.9
5026	5.1	-6
5027	5.2	-6
5028	5.2	-6.1
5029	5.2	-6.2
5030	5.3	-6.1
5031	5.4	-6.1
5032	3.3	-3.2
5033	3.4	-3.3
5034	3.5	-3.3
5035	3.6	-3.4
5036	3.6	-3.5
5037	3.6	-3.6
5038	3.6	-3.7
5039	3.6	-3.8
5040	3.6	-3.9
5041	3.7	-3.9
5042	3.7	-4
5043	3.8	-4
5044	3.8	-4.1
5045	3.9	-4.1
5046	3.9	-4.2
5047	4	-4.2
5048	4	-4.3
5049	4.1	-4.3
5050	4.1	-4.4
5051	4	-4.4
5052	4	-4.5
5053	4.1	-4.6
5054	4.1	-4.7
5055	4.2	-4.7
5056	4.2	-4.8
5057	4.2	-4.9
5058	4.2	-5
5059	4.3	-5
5060	4.3	-5.1
5061	4.3	-5.2
5062	4.3	-5.3
5063	4.4	-5.3
5064	4.5	-5.6
5065	4.4	-5.6
5066	4.4	-5.7
5067	4.4	-5.8
5068	4.5	-5.9
5069	4.5	-6
5070	4.5	-6.1
5071	4.4	-6.1
5072	4.4	-6.2
5073	4.5	-6.2
5074	4.5	-6.3
5075	4.5	-6.4
5076	4.4	-6.4
5077	4.4	-6.5
5078	4.3	-6.5
5079	4.3	-6.6
5080	4.2	-6.6
5081	4.2	-6.7
5082	4.2	-6.8
5083	4.2	-6.9
5084	4.3	-6.9
5085	4.2	-7
5086	4.1	-7
5087	4.1	-7.1
5088	4.1	-7.2
5089	4.1	-7.3
5090	4.1	-7.4
5091	4.1	-7.5
5092	4	-7.5
5093	4	-7.6
5094	4.1	-7.7
5095	4.1	-7.8
5096	4	-7.8
5097	4	-7.9
5098	4	-8
5099	4	-8.1
5100	4	-8.2
5101	4	-8.3
5102	4	-8.4
5103	4.1	-8.4
5104	4.1	-8.5
5105	4.1	-8.6
5106	4	-8.6
5107	4	-8.7
5108	4	-8.8
5109	4	-8.9
5110	4	-9
5111	4	-9.1
5112	4	-9.2
5113	3.9	-9.2
5114	3.9	-9.3
5115	3.4	-10.4
5116	3.4	-10.3
5117	3.5	-10.3
5118	3.5	-10.2
5119	3.5	-10.1
5120	3.6	-10.1
5121	3.6	-10
5122	3.7	-10
5123	3.8	-9.8
5124	5.4	-13.3
5125	5.7	-12.9
5126	5.7	-12.8
5127	5.8	-12.8
5128	-4.6	6.2
5129	-4.6	6.3
5130	-5	6.5
5131	-5	6.6
5132	-5.1	6.6
5133	-4.9	6.7
5134	-4.9	6.8
5135	5.7	-13.5
5136	5.8	-13.4
5137	5.7	-13.4
5138	6.3	-13.5
5139	6.3	-13.3
5140	6.2	-13.3
5141	6.1	-13.3
5142	5.9	-13.4
5143	6.3	-13.4
5144	6.7	-15
5145	6.6	-15
5146	6.6	-15.1
5147	6.5	-15.1
5148	6.4	-15.1
5149	6.3	-15.1
5150	6.2	-15.1
5151	6.1	-15.1
5152	6.1	-15.2
5153	6.1	-15.3
5154	6	-15.3
5155	5.9	-15.3
5156	5.8	-15.3
5157	5.8	-15.4
5158	5.7	-15.4
5159	5.6	-15.5
5160	5.5	-15.6
5161	5.5	-15.5
5162	5.5	-15.4
5163	5.6	-15.4
5164	5.6	-15.3
5165	5.5	-15.3
5166	5.5	-15.2
5167	5.5	-15.1
5168	5.4	-15.1
5169	5.4	-15
5170	5.4	-14.9
5171	5.4	-14.8
5172	5.3	-14.8
5173	5.4	-14.7
5174	5.4	-14.6
5175	5.4	-14.4
5176	5.6	-15.6
5177	5.4	-14.2
5178	5.5	-14.2
5179	-3.1	4.7
5180	-3	4.7
5181	-3.1	11.1
5182	-3.2	11.1
5183	-3.2	11.2
5184	-4.8	6.7
5185	-4.9	6.5
5186	-4.8	6.5
5187	-4.8	6.4
5188	-4.7	6.4
5189	-4.7	6.5
5190	-4.7	6.3
5191	-4.6	7.3
5192	-4.6	7.2
5193	-4.7	7.1
5194	-4.8	7.1
5195	-4.3	6.3
5196	-4.3	6.4
5197	-4.4	6.5
5198	4.9	-14
5199	4.9	-13.9
5200	4.8	-13.9
5201	4.7	-13.9
5202	4.7	-13.8
5203	6.6	-15.9
5204	6.5	-15.8
5205	6.5	-15.7
5206	6.4	-15.7
5207	6.3	-15.7
5208	6.3	-15.6
5209	6.2	-15.6
5210	6.1	-15.5
5211	6.1	-15.4
5212	6	-15.1
5213	6	-15
5214	5.9	-15
5215	5.9	-14.9
5216	5.8	-14.8
5217	5.8	-14.7
5218	5.7	-14.6
5219	5.6	-14.5
5220	-5.1	6.5
5221	-5.2	6.2
5222	-5.2	6.1
5223	-5.1	6.1
5224	-5	6.1
5225	-4.9	6.1
5226	-4.9	6
5227	-4.8	6
5228	-4.7	6
5229	-4.7	6.1
5230	-4.8	5.9
5231	-4.8	5.8
5232	-4.8	5.7
5233	-4.6	5.7
5234	-4.6	5.6
5235	-5.1	6.4
5236	-5	6.4
5237	-5.1	6.3
5238	-5.2	6.3
5239	-4.8	6.1
5240	-4.8	6.2
5241	-4.7	6.2
5242	-4.8	6.3
5243	-4.9	6.6
5244	-4.8	6.6
5245	-10.4	-0.2
5246	-10.3	-0.2
5247	-10.8	-4.4
5248	-10.6	-4.3
5249	-10.5	-4.2
5250	-10.4	-4.2
5251	-10.2	-4.2
5252	-10.1	-4.2
5253	-10.1	-4.1
5254	-9.9	-4.1
5255	-9.7	-4
5256	-9.6	-4
5257	-9.5	-4
5258	-5	-6.2
5259	3.7	16
5260	3.6	16
5261	3.5	16
5262	3.4	16.1
5263	3.3	16
5264	3.3	16.2
5265	3.3	16.3
5266	3.3	16.4
5267	2.9	15.8
5268	3	15.8
5269	3	15.7
5270	2.9	15.7
5271	2.9	15.6
5272	2.8	15.6
5273	3.1	15.7
5274	3.1	15.6
5275	3	15.6
5276	3	15.5
5277	7.3	-15.5
5278	7.3	-15.6
5279	7.4	-15.6
5280	7.4	-15.7
5281	7.5	-15.8
5282	7.6	-15.8
5283	7.6	-15.9
5284	7.7	-15.9
5285	7.7	-16
5286	-6	-5
5287	-6.1	-5
5288	-6.1	-4.9
5289	-6.2	-4.9
5290	-6.3	-4.9
5291	-6.4	-4.8
5292	-6.5	-4.8
5293	-6.5	-4.7
5294	-7.6	-9.9
5295	-7.6	-9.8
5296	-7.5	-9.8
5297	-7.5	-9.7
5298	-7.4	-9.7
5299	-7.3	-9.7
5300	-7.3	-9.6
5301	-7.3	-9.5
5302	-7.2	-9.5
5303	-7.2	-9.4
5304	-7.1	-9.4
5305	-7.1	-9.3
5306	-7	-9.3
5307	-7	-9.2
5308	-6.9	-9.2
5309	-6.8	-9.1
5310	-6.7	-9.1
5311	-6.7	-9
5312	-6.6	-9
5313	-6.5	-9
5314	-6.4	-9
5315	-6.3	-9
5316	-6.3	-8.9
5317	-6.2	-8.9
5318	-6.1	-8.9
5319	-6	-8.9
5320	-6	-8.8
5321	-5.9	-8.8
5322	-5.8	-8.8
5323	-5.8	-8.7
5324	-5.6	-8.7
5325	-5.5	-8.7
5326	-5.5	-8.6
5327	-5.4	-8.5
5328	-5.3	-8.4
5329	-5.3	-8.3
5330	-5.3	-8.2
5331	-5.3	-8.1
5332	-5.4	-8.1
5333	-5.4	-8
5334	-5.4	-7.9
5335	-5.4	-7.8
5336	-5.4	-7.7
5337	-5.3	-7.7
5338	-5.3	-7.6
5339	-5.3	-7.5
5340	-5.3	-7.8
5341	-5.2	-7.7
5342	-5.1	-7.7
5343	-5.1	-7.6
5344	-5.1	-7.5
5345	-5	-7.3
5346	-5	-7.2
5347	-9.3	-3.9
5348	-9.2	-3.9
5349	-9.2	-3.8
5350	-9.1	-3.8
5351	-9	-3.8
5352	-8.9	-3.8
5353	-8.9	-3.7
5354	-8.8	-3.7
5355	-8.7	-3.7
5356	-8.6	-3.7
5357	-8.5	-3.7
5358	-8.4	-3.6
5359	-8.3	-3.6
5360	-8.2	-3.6
5361	-8.1	-3.6
5362	-8	-3.6
5363	-7.9	-3.6
5364	-7.7	-3.7
5365	-7.6	-3.7
5366	-7.5	-3.7
5367	-7.3	-3.8
5368	-7.2	-3.8
5369	-7.1	-3.8
5370	-7.1	-3.9
5371	-7	-3.9
5372	-6.9	-3.9
5373	-6.8	-3.9
5374	-6.7	-3.9
5375	-6.6	-3.9
5376	-6.5	-4
5377	-6.4	-4
5378	-6.3	-4.1
5379	-6.3	-4.2
5380	6.5	9
5381	6.6	9
5382	6.7	9
5383	6.7	9.1
5384	6.8	9.1
5385	6.8	9.2
5386	6.9	9.2
5387	3.6	10.5
5388	3.7	10.5
5389	3.8	10.6
5390	3.8	10.3
5391	3.7	10.3
5392	-6.7	-4.6
5393	-6.1	-5.1
5394	-6.1	-5.2
5395	-6	-5.3
5396	-6	-5.4
5397	-6	-5.5
5398	-6.1	-5.6
5399	-6.1	-5.7
5400	-6	-5.7
5401	-5.9	-5.7
5402	-5	-6.4
5403	-3.6	10.3
5404	-3.5	10.3
5405	-3.4	10.3
5406	-3.4	10.4
5407	-3.8	10.3
5408	-3.8	10.4
5409	-3.8	10.5
5410	-3.8	10.6
5411	-3.8	10.7
5412	-3.8	10.8
5413	-3.9	10.2
5414	-4	10.1
5415	-4.1	10.1
5416	-4.1	10
5417	-3.9	10.3
5418	-4	10.3
5419	-4	10.4
5420	-4.1	10.5
5421	-4	10.6
5422	-3.9	10.6
5423	-3.9	10.7
5424	-3.5	10.8
5425	-3.4	10.8
5426	-3.4	10.7
5427	-3.3	10.7
5428	-3.3	10.6
5429	-3.3	10.4
5430	-3.3	10.5
5431	-3.3	10.8
5432	-3.2	10.9
5433	-3.4	10.6
5434	-3.4	10.5
5435	-3.2	10.6
5436	-3.2	10.7
5437	-3.1	10.7
5438	-3.1	10.8
5439	-3	10.8
5440	-3	10.9
5441	-2.9	10.9
5442	-2.8	11.1
5443	-3.1	10.6
5444	-3.1	10.5
5445	-3.3	10.3
5446	-3.2	10.3
5447	-3.2	10.2
5448	-3	10.5
5449	-3	10.7
5450	-2.9	10.8
5451	-3.2	11
5452	-3.3	11
5453	-3.3	11.1
5454	-3	11.2
5455	-3.1	11.2
5456	0.1	-7.5
5457	0.5	-8
5458	0.4	-8
5459	0.4	-8.1
5460	0.3	-8.1
5461	0.2	-8.1
5462	0.2	-8.2
5463	0.1	-8.2
5464	0	-8.2
5465	-0.1	-8.2
5466	-0.1	-8.3
5467	-0.1	-8.4
5468	-0.1	-8.5
5469	-0.1	-8.1
5470	-0.4	-7.6
5471	-0.3	-7.6
5472	-0.3	-7.7
5473	-0.2	-7.7
5474	-0.2	-7.8
5475	-0.2	-7.9
5476	-0.1	-7.9
5477	-0.1	-8
5478	-0.8	-7.7
5479	-0.8	-7.8
5480	-0.7	-7.8
5481	-0.6	-7.9
5482	-0.5	-7.9
5483	-0.4	-7.9
5484	-0.3	-7.9
5485	0.2	-7.6
5486	-8.9	-8
5487	-8.8	-8
5488	-8.8	-7.9
5489	-8.7	-7.9
5490	-8.7	-7.8
5491	0	-8.5
5492	0	-8.6
5493	0	-8.7
5494	0.1	-8.7
5495	0.1	-8.8
5496	0.2	-8.8
5497	0.2	-8.9
5498	0.2	-9
5499	0.2	-9.1
5500	0	-9.2
5501	0	-9.3
5502	-0.1	-9.3
5503	-0.1	-9.4
5504	-0.2	-9.4
5505	-0.2	-9.5
5506	-0.1	-9.5
5507	-0.1	-9.6
5508	0	-9.7
5509	0	-9.8
5510	0.1	-10
5511	0.1	-10.1
5512	0.1	-10.2
5513	0	-10.2
5514	0	-10.3
5515	0	-10.4
5516	0	-10.5
5517	-0.1	-10.5
5518	-0.1	-10.6
5519	-0.2	-10.6
5520	-0.3	-10.7
5521	-0.4	-10.7
5522	-0.4	-10.8
5523	-0.2	-11.1
5524	-0.2	-11
5525	-0.3	-11
5526	-0.4	-10.9
5527	-10.1	-2
5528	-10.1	-1.9
5529	-10	-1.8
5530	-10	-1.7
5531	-9.9	-1.7
5532	-8.8	-2.7
5533	-8.7	-2.7
5534	-8.7	-2.6
5535	-8.6	-2.5
5536	-8.5	-2.5
5537	-8.5	-2.4
5538	-8.3	-2.3
5539	-8.2	-2.3
5540	-8.1	-2.2
5541	-8	-2.2
5542	-7.9	-2.2
5543	-7.8	-2
5544	-7.7	-2
5545	-7.6	-1.9
5546	-10	-2.6
5547	-9.9	-2.6
5548	-9.8	-2.6
5549	-9.5	-2.7
5550	-9.4	-2.7
5551	-9.3	-2.7
5552	-9.1	-2.7
5553	-9	-2.7
5554	-8.9	-2.6
5555	-10.6	-3.1
5556	-10.5	-3.1
5557	-10.5	-3.2
5558	-10.4	-3.2
5559	-10.3	-3.2
5560	-10.1	-3.3
5561	-10	-3.3
5562	-10	-3.4
5563	-0.1	-7.4
5564	0	-7.5
5565	0.1	-7.6
5566	0.2	-7.7
5567	0.3	-7.7
5568	0.3	-7.8
5569	0.4	-7.8
5570	0.4	-7.9
5571	0.6	-7.8
5572	0.9	-7.9
5573	1	-7.9
5574	1.1	-7.8
5575	1	-7.8
5576	1	-7.7
